0.000000 99.000000 1.000000 0.000000 
0.500000 98.949412 1.045477 0.005111 
1.000000 98.896551 1.092994 0.010455 
1.500000 98.841318 1.142640 0.016041 
2.000000 98.783611 1.194508 0.021881 
2.500000 98.723321 1.248693 0.027987 
3.000000 98.660336 1.305295 0.034368 
3.500000 98.594541 1.364420 0.041040 
4.000000 98.525813 1.426175 0.048013 
4.500000 98.454026 1.490672 0.055301 
5.000000 98.379051 1.558029 0.062920 
5.500000 98.300750 1.628368 0.070882 
6.000000 98.218982 1.701814 0.079203 
6.500000 98.133601 1.778499 0.087900 
7.000000 98.044454 1.858558 0.096989 
7.500000 97.951382 1.942132 0.106486 
8.000000 97.854221 2.029369 0.116410 
8.500000 97.752802 2.120418 0.126780 
9.000000 97.646947 2.215438 0.137615 
9.500000 97.536474 2.314591 0.148934 
10.000000 97.421194 2.418046 0.160761 
10.500000 97.300909 2.525976 0.173115 
11.000000 97.175418 2.638561 0.186021 
11.500000 97.044511 2.755988 0.199501 
12.000000 96.907970 2.878449 0.213581 
12.500000 96.765572 3.006142 0.228286 
13.000000 96.617086 3.139272 0.243643 
13.500000 96.462272 3.278049 0.259679 
14.000000 96.300886 3.422691 0.276423 
14.500000 96.132673 3.573421 0.293906 
15.000000 95.957374 3.730468 0.312158 
15.500000 95.774719 3.894070 0.331211 
16.000000 95.584432 4.064469 0.351099 
16.500000 95.386232 4.241912 0.371856 
17.000000 95.179827 4.426654 0.393518 
17.500000 94.964920 4.618957 0.416123 
18.000000 94.741206 4.819086 0.439708 
18.500000 94.508373 5.027312 0.464314 
19.000000 94.266104 5.243914 0.489982 
19.500000 94.014073 5.469173 0.516754 
20.000000 93.751950 5.703376 0.544674 
20.500000 93.479398 5.946814 0.573788 
21.000000 93.196076 6.199782 0.604143 
21.500000 92.901636 6.462578 0.635786 
22.000000 92.595727 6.735504 0.668769 
22.500000 92.277995 7.018863 0.703142 
23.000000 91.948082 7.312960 0.738958 
23.500000 91.605628 7.618100 0.776272 
24.000000 91.250270 7.934590 0.815139 
24.500000 90.881647 8.262734 0.855618 
25.000000 90.499397 8.602836 0.897767 
25.500000 90.103158 8.955195 0.941647 
26.000000 89.692572 9.320108 0.987320 
26.500000 89.267286 9.697866 1.034849 
27.000000 88.826948 10.088753 1.084299 
27.500000 88.371216 10.493048 1.135737 
28.000000 87.899754 10.911016 1.189230 
28.500000 87.412236 11.342916 1.244847 
29.000000 86.908347 11.788993 1.302660 
29.500000 86.387784 12.249478 1.362738 
30.000000 85.850260 12.724585 1.425155 
30.500000 85.295501 13.214514 1.489984 
31.000000 84.723255 13.719444 1.557301 
31.500000 84.133288 14.239532 1.627179 
32.000000 83.525389 14.774915 1.699697 
32.500000 82.899369 15.325701 1.774929 
33.000000 82.255069 15.891977 1.852954 
33.500000 81.592356 16.473795 1.933849 
34.000000 80.911126 17.071181 2.017693 
34.500000 80.211310 17.684128 2.104562 
35.000000 79.492873 18.312592 2.194534 
35.500000 78.755816 18.956496 2.287688 
36.000000 78.000177 19.615723 2.384100 
36.500000 77.226036 20.290118 2.483846 
37.000000 76.433514 20.979485 2.587001 
37.500000 75.622775 21.683585 2.693641 
38.000000 74.794028 22.402135 2.803837 
38.500000 73.947528 23.134809 2.917663 
39.000000 73.083578 23.881237 3.035186 
39.500000 72.202526 24.640999 3.156475 
40.000000 71.304772 25.413632 3.281596 
40.500000 70.390762 26.198626 3.410612 
41.000000 69.460992 26.995426 3.543583 
41.500000 68.516006 27.803428 3.680566 
42.000000 67.556396 28.621987 3.821617 
42.500000 66.582803 29.450411 3.966786 
43.000000 65.595911 30.287968 4.116121 
43.500000 64.596452 31.133882 4.269666 
44.000000 63.585198 31.987342 4.427460 
44.500000 62.562964 32.847497 4.589539 
45.000000 61.530603 33.713462 4.755935 
45.500000 60.489003 34.584323 4.926674 
46.000000 59.439087 35.459135 5.101778 
46.500000 58.381805 36.336929 5.281265 
47.000000 57.318137 37.216716 5.465147 
47.500000 56.249082 38.097486 5.653432 
48.000000 55.175660 38.978218 5.846122 
48.500000 54.098906 39.857880 6.043214 
49.000000 53.019866 40.735433 6.244701 
49.500000 51.939592 41.609839 6.450569 
50.000000 50.859140 42.480061 6.660799 
50.500000 49.779562 43.345069 6.875369 
51.000000 48.701907 44.203843 7.094250 
51.500000 47.627212 45.055381 7.317407 
52.000000 46.556501 45.898696 7.544803 
52.500000 45.490779 46.732827 7.776394 
53.000000 44.431030 47.556838 8.012132 
53.500000 43.378214 48.369824 8.251963 
54.000000 42.333259 49.170911 8.495830 
54.500000 41.297065 49.959264 8.743672 
55.000000 40.270494 50.734084 8.995423 
55.500000 39.254373 51.494615 9.251013 
56.000000 38.249488 52.240143 9.510369 
56.500000 37.256585 52.970001 9.773414 
57.000000 36.276366 53.683565 10.040069 
57.500000 35.309487 54.380263 10.310250 
58.000000 34.356560 55.059568 10.583872 
58.500000 33.418150 55.721004 10.860846 
59.000000 32.494774 56.364144 11.141082 
59.500000 31.586903 56.988609 11.424488 
60.000000 30.694961 57.594071 11.710968 
60.500000 29.819322 58.180249 12.000429 
61.000000 28.960319 58.746910 12.292771 
61.500000 28.118234 59.293868 12.587898 
62.000000 27.293307 59.820982 12.885710 
62.500000 26.485736 60.328155 13.186108 
63.000000 25.695674 60.815333 13.488992 
63.500000 24.923236 61.282502 13.794262 
64.000000 24.168495 61.729687 14.101818 
64.500000 23.431489 62.156951 14.411560 
65.000000 22.712221 62.564391 14.723388 
65.500000 22.010658 62.952138 15.037204 
66.000000 21.326738 63.320352 15.352910 
66.500000 20.660367 63.669225 15.670408 
67.000000 20.011424 63.998973 15.989603 
67.500000 19.379763 64.309839 16.310398 
68.000000 18.765212 64.602086 16.632702 
68.500000 18.167581 64.876000 16.956420 
69.000000 17.586655 65.131883 17.281462 
69.500000 17.022203 65.370057 17.607739 
70.000000 16.473980 65.590857 17.935163 
70.500000 15.941722 65.794629 18.263648 
71.000000 15.425155 65.981735 18.593110 
71.500000 14.923993 66.152541 18.923466 
72.000000 14.437939 66.307425 19.254636 
72.500000 13.966689 66.446770 19.586541 
73.000000 13.509932 66.570964 19.919105 
73.500000 13.067350 66.680399 20.252251 
74.000000 12.638621 66.775470 20.585909 
74.500000 12.223422 66.856572 20.920007 
75.000000 11.821424 66.924101 21.254475 
75.500000 11.432299 66.978453 21.589248 
76.000000 11.055718 67.020021 21.924260 
76.500000 10.691354 67.049197 22.259449 
77.000000 10.338879 67.066368 22.594753 
77.500000 9.997968 67.071919 22.930113 
78.000000 9.668298 67.066229 23.265473 
78.500000 9.349552 67.049672 23.600776 
79.000000 9.041413 67.022617 23.935970 
79.500000 8.743571 66.985427 24.271003 
80.000000 8.455718 66.938458 24.605824 
80.500000 8.177553 66.882059 24.940388 
81.000000 7.908780 66.816574 25.274645 
81.500000 7.649108 66.742338 25.608554 
82.000000 7.398253 66.659678 25.942069 
82.500000 7.155935 66.568915 26.275151 
83.000000 6.921881 66.470360 26.607759 
83.500000 6.695825 66.364320 26.939855 
84.000000 6.477507 66.251091 27.271402 
84.500000 6.266672 66.130962 27.602366 
85.000000 6.063074 66.004213 27.932712 
85.500000 5.866472 65.871119 28.262409 
86.000000 5.676632 65.731944 28.591424 
86.500000 5.493325 65.586947 28.919728 
87.000000 5.316330 65.436377 29.247294 
87.500000 5.145431 65.280476 29.574092 
88.000000 4.980421 65.119480 29.900099 
88.500000 4.821097 64.953616 30.225287 
89.000000 4.667262 64.783103 30.549635 
89.500000 4.518726 64.608156 30.873119 
90.000000 4.375304 64.428980 31.195717 
90.500000 4.236818 64.245774 31.517409 
91.000000 4.103094 64.058731 31.838175 
91.500000 3.973967 63.868037 32.157996 
92.000000 3.849274 63.673871 32.476855 
92.500000 3.728858 63.476407 32.794735 
93.000000 3.612568 63.275812 33.111619 
93.500000 3.500259 63.072248 33.427493 
94.000000 3.391789 62.865869 33.742342 
94.500000 3.287021 62.656827 34.056152 
95.000000 3.185824 62.445265 34.368911 
95.500000 3.088071 62.231324 34.680605 
96.000000 2.993640 62.015136 34.991224 
96.500000 2.902411 61.796832 35.300757 
97.000000 2.814271 61.576537 35.609192 
97.500000 2.729109 61.354369 35.916522 
98.000000 2.646819 61.130444 36.222736 
98.500000 2.567299 60.904874 36.527827 
99.000000 2.490450 60.677765 36.831785 
99.500000 2.416176 60.449219 37.134604 
100.000000 2.344386 60.219336 37.436277 
100.500000 2.274991 59.988211 37.736798 
101.000000 2.207906 59.755934 38.036160 
101.500000 2.143048 59.522594 38.334357 
102.000000 2.080339 59.288275 38.631386 
102.500000 2.019702 59.053058 38.927240 
103.000000 1.961063 58.817021 39.221916 
103.500000 1.904352 58.580238 39.515410 
104.000000 1.849499 58.342782 39.807719 
104.500000 1.796441 58.104721 40.098838 
105.000000 1.745112 57.866122 40.388766 
105.500000 1.695452 57.627049 40.677500 
106.000000 1.647402 57.387561 40.965037 
106.500000 1.600906 57.147719 41.251375 
107.000000 1.555909 56.907577 41.536514 
107.500000 1.512358 56.667191 41.820451 
108.000000 1.470203 56.426611 42.103186 
108.500000 1.429395 56.185888 42.384717 
109.000000 1.389887 55.945069 42.665045 
109.500000 1.351633 55.704199 42.944168 
110.000000 1.314591 55.463323 43.222087 
110.500000 1.278717 55.222482 43.498801 
111.000000 1.243973 54.981716 43.774312 
111.500000 1.210318 54.741064 44.048618 
112.000000 1.177715 54.500563 44.321722 
112.500000 1.146128 54.260248 44.593624 
113.000000 1.115522 54.020153 44.864325 
113.500000 1.085864 53.780311 45.133826 
114.000000 1.057120 53.540752 45.402128 
114.500000 1.029261 53.301506 45.669233 
115.000000 1.002256 53.062601 45.935143 
115.500000 0.976076 52.824065 46.199859 
116.000000 0.950693 52.585923 46.463384 
116.500000 0.926080 52.348202 46.725718 
117.000000 0.902211 52.110923 46.986866 
117.500000 0.879062 51.874110 47.246828 
118.000000 0.856608 51.637785 47.505607 
118.500000 0.834826 51.401968 47.763206 
119.000000 0.813694 51.166679 48.019627 
119.500000 0.793190 50.931938 48.274872 
120.000000 0.773293 50.697761 48.528946 
120.500000 0.753984 50.464166 48.781850 
121.000000 0.735242 50.231171 49.033588 
121.500000 0.717049 49.998789 49.284162 
122.000000 0.699388 49.767036 49.533575 
122.500000 0.682241 49.535927 49.781832 
123.000000 0.665591 49.305474 50.028935 
123.500000 0.649422 49.075691 50.274887 
124.000000 0.633718 48.846590 50.519692 
124.500000 0.618465 48.618182 50.763353 
125.000000 0.603648 48.390478 51.005874 
125.500000 0.589253 48.163490 51.247258 
126.000000 0.575266 47.937226 51.487508 
126.500000 0.561675 47.711696 51.726630 
127.000000 0.548466 47.486909 51.964625 
127.500000 0.535628 47.262873 52.201499 
128.000000 0.523149 47.039597 52.437254 
128.500000 0.511018 46.817087 52.671895 
129.000000 0.499224 46.595351 52.905425 
129.500000 0.487755 46.374396 53.137848 
130.000000 0.476603 46.154228 53.369169 
130.500000 0.465757 45.934852 53.599391 
131.000000 0.455208 45.716275 53.828518 
131.500000 0.444945 45.498501 54.056553 
132.000000 0.434962 45.281535 54.283503 
132.500000 0.425249 45.065383 54.509369 
133.000000 0.415797 44.850047 54.734156 
133.500000 0.406599 44.635532 54.957869 
134.000000 0.397647 44.421841 55.180512 
134.500000 0.388934 44.208978 55.402088 
135.000000 0.380452 43.996946 55.622601 
135.500000 0.372194 43.785748 55.842057 
136.000000 0.364154 43.575387 56.060459 
136.500000 0.356325 43.365864 56.277811 
137.000000 0.348701 43.157181 56.494118 
137.500000 0.341276 42.949341 56.709383 
138.000000 0.334043 42.742346 56.923611 
138.500000 0.326997 42.536196 57.136806 
139.000000 0.320133 42.330894 57.348973 
139.500000 0.313445 42.126440 57.560115 
140.000000 0.306928 41.922835 57.770237 
140.500000 0.300577 41.720079 57.979344 
141.000000 0.294387 41.518175 58.187438 
141.500000 0.288354 41.317121 58.394525 
142.000000 0.282473 41.116918 58.600609 
142.500000 0.276739 40.917566 58.805694 
143.000000 0.271149 40.719066 59.009785 
143.500000 0.265698 40.521417 59.212885 
144.000000 0.260382 40.324619 59.414999 
144.500000 0.255197 40.128671 59.616131 
145.000000 0.250141 39.933574 59.816286 
145.500000 0.245208 39.739325 60.015467 
146.000000 0.240396 39.545925 60.213679 
146.500000 0.235701 39.353373 60.410926 
147.000000 0.231120 39.161667 60.607213 
147.500000 0.226649 38.970808 60.802543 
148.000000 0.222287 38.780793 60.996921 
148.500000 0.218028 38.591621 61.190351 
149.000000 0.213872 38.403291 61.382837 
149.500000 0.209815 38.215802 61.574384 
150.000000 0.205853 38.029151 61.764995 
150.500000 0.201986 37.843339 61.954675 
151.000000 0.198209 37.658362 62.143429 
151.500000 0.194521 37.474220 62.331259 
152.000000 0.190919 37.290910 62.518171 
152.500000 0.187401 37.108431 62.704168 
153.000000 0.183965 36.926780 62.889255 
153.500000 0.180608 36.745956 63.073436 
154.000000 0.177328 36.565957 63.256715 
154.500000 0.174123 36.386781 63.439095 
155.000000 0.170992 36.208426 63.620582 
155.500000 0.167932 36.030889 63.801180 
156.000000 0.164941 35.854168 63.980891 
156.500000 0.162018 35.678261 64.159721 
157.000000 0.159160 35.503166 64.337674 
157.500000 0.156367 35.328880 64.514753 
158.000000 0.153636 35.155402 64.690963 
158.500000 0.150965 34.982728 64.866307 
159.000000 0.148354 34.810856 65.040790 
159.500000 0.145801 34.639784 65.214416 
160.000000 0.143304 34.469509 65.387188 
160.500000 0.140861 34.300028 65.559111 
161.000000 0.138472 34.131340 65.730188 
161.500000 0.136135 33.963441 65.900424 
162.000000 0.133848 33.796329 66.069822 
162.500000 0.131611 33.630002 66.238387 
163.000000 0.129422 33.464456 66.406122 
163.500000 0.127280 33.299688 66.573032 
164.000000 0.125183 33.135697 66.739119 
164.500000 0.123131 32.972480 66.904389 
165.000000 0.121123 32.810033 67.068844 
165.500000 0.119157 32.648354 67.232489 
166.000000 0.117233 32.487440 67.395328 
166.500000 0.115349 32.327288 67.557364 
167.000000 0.113504 32.167896 67.718601 
167.500000 0.111697 32.009260 67.879043 
168.000000 0.109928 31.851379 68.038693 
168.500000 0.108196 31.694248 68.197556 
169.000000 0.106499 31.537865 68.355636 
169.500000 0.104837 31.382228 68.512935 
170.000000 0.103209 31.227333 68.669458 
170.500000 0.101614 31.073178 68.825208 
171.000000 0.100051 30.919759 68.980190 
171.500000 0.098520 30.767074 69.134406 
172.000000 0.097020 30.615120 69.287860 
172.500000 0.095550 30.463893 69.440557 
173.000000 0.094109 30.313392 69.592499 
173.500000 0.092697 30.163612 69.743691 
174.000000 0.091313 30.014552 69.894135 
174.500000 0.089956 29.866207 70.043836 
175.000000 0.088626 29.718576 70.192798 
175.500000 0.087322 29.571656 70.341022 
176.000000 0.086044 29.425442 70.488514 
176.500000 0.084790 29.279933 70.635277 
177.000000 0.083561 29.135126 70.781313 
177.500000 0.082355 28.991017 70.926628 
178.000000 0.081173 28.847603 71.071224 
178.500000 0.080014 28.704882 71.215104 
179.000000 0.078876 28.562851 71.358272 
179.500000 0.077761 28.421507 71.500732 
180.000000 0.076666 28.280846 71.642487 
180.500000 0.075592 28.140867 71.783541 
181.000000 0.074539 28.001565 71.923896 
181.500000 0.073505 27.862938 72.063557 
182.000000 0.072491 27.724984 72.202526 
182.500000 0.071495 27.587698 72.340806 
183.000000 0.070518 27.451079 72.478403 
183.500000 0.069559 27.315123 72.615317 
184.000000 0.068618 27.179828 72.751554 
184.500000 0.067694 27.045190 72.887115 
185.000000 0.066787 26.911207 73.022006 
185.500000 0.065897 26.777876 73.156228 
186.000000 0.065023 26.645193 73.289784 
186.500000 0.064164 26.513156 73.422679 
187.000000 0.063321 26.381763 73.554916 
187.500000 0.062494 26.251009 73.686497 
188.000000 0.061681 26.120893 73.817426 
188.500000 0.060883 25.991411 73.947706 
189.000000 0.060098 25.862561 74.077340 
189.500000 0.059328 25.734340 74.206332 
190.000000 0.058572 25.606745 74.334684 
190.500000 0.057828 25.479773 74.462399 
191.000000 0.057098 25.353421 74.589481 
191.500000 0.056381 25.227686 74.715933 
192.000000 0.055676 25.102566 74.841758 
192.500000 0.054983 24.978058 74.966959 
193.000000 0.054302 24.854159 75.091539 
193.500000 0.053633 24.730866 75.215500 
194.000000 0.052976 24.608177 75.338847 
194.500000 0.052330 24.486088 75.461582 
195.000000 0.051694 24.364597 75.583708 
195.500000 0.051070 24.243702 75.705228 
196.000000 0.050456 24.123398 75.826145 
196.500000 0.049853 24.003685 75.946462 
197.000000 0.049260 23.884558 76.066182 
197.500000 0.048676 23.766016 76.185308 
198.000000 0.048103 23.648055 76.303842 
198.500000 0.047539 23.530673 76.421788 
199.000000 0.046984 23.413867 76.539149 
199.500000 0.046439 23.297634 76.655927 
200.000000 0.045902 23.181973 76.772125 
200.500000 0.045374 23.066879 76.887747 
201.000000 0.044855 22.952350 77.002794 
201.500000 0.044345 22.838385 77.117270 
202.000000 0.043843 22.724979 77.231178 
202.500000 0.043349 22.612131 77.344520 
203.000000 0.042862 22.499838 77.457299 
203.500000 0.042384 22.388097 77.569518 
204.000000 0.041914 22.276906 77.681180 
204.500000 0.041450 22.166262 77.792287 
205.000000 0.040995 22.056162 77.902843 
205.500000 0.040546 21.946605 78.012849 
206.000000 0.040105 21.837586 78.122309 
206.500000 0.039670 21.729105 78.231225 
207.000000 0.039243 21.621157 78.339600 
207.500000 0.038822 21.513742 78.447437 
208.000000 0.038408 21.406855 78.554737 
208.500000 0.038000 21.300495 78.661505 
209.000000 0.037598 21.194660 78.767742 
209.500000 0.037203 21.089346 78.873452 
210.000000 0.036814 20.984551 78.978636 
210.500000 0.036430 20.880273 79.083297 
211.000000 0.036053 20.776509 79.187438 
211.500000 0.035681 20.673257 79.291062 
212.000000 0.035315 20.570514 79.394171 
212.500000 0.034955 20.468278 79.496767 
213.000000 0.034600 20.366547 79.598854 
213.500000 0.034250 20.265317 79.700433 
214.000000 0.033906 20.164587 79.801507 
214.500000 0.033566 20.064355 79.902079 
215.000000 0.033232 19.964617 80.002151 
215.500000 0.032903 19.865372 80.101725 
216.000000 0.032578 19.766617 80.200804 
216.500000 0.032259 19.668350 80.299391 
217.000000 0.031944 19.570568 80.397488 
217.500000 0.031634 19.473270 80.495097 
218.000000 0.031328 19.376452 80.592220 
218.500000 0.031027 19.280112 80.688861 
219.000000 0.030730 19.184249 80.785022 
219.500000 0.030437 19.088859 80.880704 
220.000000 0.030149 18.993941 80.975910 
220.500000 0.029864 18.899492 81.070643 
221.000000 0.029584 18.805511 81.164905 
221.500000 0.029308 18.711994 81.258698 
222.000000 0.029036 18.618939 81.352025 
222.500000 0.028767 18.526345 81.444888 
223.000000 0.028503 18.434209 81.537288 
223.500000 0.028242 18.342528 81.629230 
224.000000 0.027985 18.251301 81.720714 
224.500000 0.027731 18.160526 81.811743 
225.000000 0.027481 18.070200 81.902319 
225.500000 0.027235 17.980321 81.992445 
226.000000 0.026991 17.890886 82.082122 
226.500000 0.026752 17.801895 82.171354 
227.000000 0.026515 17.713344 82.260141 
227.500000 0.026282 17.625231 82.348487 
228.000000 0.026052 17.537555 82.436393 
228.500000 0.025825 17.450312 82.523863 
229.000000 0.025601 17.363502 82.610897 
229.500000 0.025381 17.277122 82.697498 
230.000000 0.025163 17.191169 82.783668 
230.500000 0.024948 17.105643 82.869409 
231.000000 0.024736 17.020540 82.954724 
231.500000 0.024527 16.935858 83.039615 
232.000000 0.024321 16.851597 83.124083 
232.500000 0.024117 16.767752 83.208131 
233.000000 0.023916 16.684323 83.291760 
233.500000 0.023718 16.601308 83.374974 
234.000000 0.023523 16.518704 83.457773 
234.500000 0.023330 16.436510 83.540161 
235.000000 0.023139 16.354722 83.622138 
235.500000 0.022951 16.273341 83.703708 
236.000000 0.022766 16.192363 83.784872 
236.500000 0.022582 16.111786 83.865632 
237.000000 0.022402 16.031609 83.945990 
237.500000 0.022223 15.951829 84.025948 
238.000000 0.022047 15.872445 84.105508 
238.500000 0.021873 15.793454 84.184672 
239.000000 0.021702 15.714856 84.263443 
239.500000 0.021532 15.636647 84.341821 
240.000000 0.021365 15.558826 84.419809 
240.500000 0.021200 15.481391 84.497409 
241.000000 0.021037 15.404340 84.574623 
241.500000 0.020876 15.327672 84.651452 
242.000000 0.020717 15.251384 84.727900 
242.500000 0.020560 15.175474 84.803966 
243.000000 0.020405 15.099941 84.879654 
243.500000 0.020252 15.024783 84.954966 
244.000000 0.020101 14.949997 85.029902 
244.500000 0.019951 14.875583 85.104466 
245.000000 0.019804 14.801538 85.178658 
245.500000 0.019658 14.727861 85.252481 
246.000000 0.019514 14.654549 85.325937 
246.500000 0.019372 14.581601 85.399027 
247.000000 0.019232 14.509016 85.471753 
247.500000 0.019093 14.436790 85.544117 
248.000000 0.018956 14.364923 85.616121 
248.500000 0.018821 14.293413 85.687766 
249.000000 0.018687 14.222258 85.759055 
249.500000 0.018555 14.151456 85.829989 
250.000000 0.018424 14.081006 85.900569 
250.500000 0.018296 14.010906 85.970799 
251.000000 0.018168 13.941154 86.040678 
251.500000 0.018042 13.871748 86.110210 
252.000000 0.017918 13.802686 86.179396 
252.500000 0.017795 13.733968 86.248237 
253.000000 0.017673 13.665591 86.316735 
253.500000 0.017553 13.597554 86.384893 
254.000000 0.017435 13.529854 86.452711 
254.500000 0.017318 13.462491 86.520191 
255.000000 0.017202 13.395462 86.587336 
255.500000 0.017087 13.328767 86.654146 
256.000000 0.016974 13.262403 86.720624 
256.500000 0.016862 13.196368 86.786770 
257.000000 0.016751 13.130661 86.852587 
257.500000 0.016642 13.065281 86.918077 
258.000000 0.016534 13.000226 86.983240 
258.500000 0.016427 12.935494 87.048079 
259.000000 0.016321 12.871084 87.112595 
259.500000 0.016217 12.806993 87.176790 
260.000000 0.016114 12.743221 87.240665 
260.500000 0.016012 12.679766 87.304222 
261.000000 0.015911 12.616627 87.367463 
261.500000 0.015811 12.553801 87.430388 
262.000000 0.015712 12.491287 87.493001 
262.500000 0.015615 12.429084 87.555301 
263.000000 0.015518 12.367190 87.617291 
263.500000 0.015423 12.305604 87.678973 
264.000000 0.015328 12.244324 87.740347 
264.500000 0.015235 12.183349 87.801416 
265.000000 0.015143 12.122676 87.862181 
265.500000 0.015051 12.062306 87.922643 
266.000000 0.014961 12.002235 87.982804 
266.500000 0.014872 11.942463 88.042665 
267.000000 0.014784 11.882988 88.102229 
267.500000 0.014696 11.823809 88.161495 
268.000000 0.014610 11.764923 88.220467 
268.500000 0.014524 11.706331 88.279144 
269.000000 0.014440 11.648030 88.337530 
269.500000 0.014356 11.590019 88.395625 
270.000000 0.014273 11.532296 88.453430 
270.500000 0.014192 11.474861 88.510948 
271.000000 0.014111 11.417711 88.568179 
271.500000 0.014030 11.360845 88.625125 
272.000000 0.013951 11.304262 88.681787 
272.500000 0.013873 11.247960 88.738167 
273.000000 0.013795 11.191938 88.794267 
273.500000 0.013718 11.136195 88.850087 
274.000000 0.013642 11.080729 88.905629 
274.500000 0.013567 11.025539 88.960894 
275.000000 0.013493 10.970623 89.015884 
275.500000 0.013419 10.915981 89.070600 
276.000000 0.013346 10.861610 89.125044 
276.500000 0.013274 10.807509 89.179216 
277.000000 0.013203 10.753678 89.233119 
277.500000 0.013132 10.700115 89.286753 
278.000000 0.013062 10.646817 89.340120 
278.500000 0.012993 10.593785 89.393221 
279.000000 0.012925 10.541017 89.446058 
279.500000 0.012857 10.488512 89.498632 
280.000000 0.012790 10.436267 89.550943 
280.500000 0.012723 10.384282 89.602994 
281.000000 0.012658 10.332556 89.654786 
281.500000 0.012593 10.281088 89.706320 
282.000000 0.012528 10.229875 89.757597 
282.500000 0.012464 10.178917 89.808619 
283.000000 0.012401 10.128213 89.859386 
283.500000 0.012339 10.077761 89.909901 
284.000000 0.012277 10.027559 89.960164 
284.500000 0.012216 9.977608 90.010176 
285.000000 0.012155 9.927905 90.059940 
285.500000 0.012095 9.878450 90.109455 
286.000000 0.012036 9.829240 90.158724 
286.500000 0.011977 9.780276 90.207748 
287.000000 0.011918 9.731555 90.256527 
287.500000 0.011861 9.683076 90.305063 
288.000000 0.011804 9.634839 90.353358 
288.500000 0.011747 9.586841 90.401412 
289.000000 0.011691 9.539083 90.449226 
289.500000 0.011635 9.491562 90.496802 
290.000000 0.011581 9.444278 90.544142 
290.500000 0.011526 9.397229 90.591245 
291.000000 0.011472 9.350414 90.638114 
291.500000 0.011419 9.303832 90.684749 
292.000000 0.011366 9.257482 90.731152 
292.500000 0.011314 9.211362 90.777324 
293.000000 0.011262 9.165472 90.823266 
293.500000 0.011210 9.119811 90.868979 
294.000000 0.011160 9.074376 90.914464 
294.500000 0.011109 9.029168 90.959723 
295.000000 0.011059 8.984185 91.004756 
295.500000 0.011010 8.939426 91.049565 
296.000000 0.010961 8.894889 91.094150 
296.500000 0.010912 8.850574 91.138513 
297.000000 0.010864 8.806480 91.182656 
297.500000 0.010817 8.762605 91.226578 
298.000000 0.010769 8.718949 91.270282 
298.500000 0.010723 8.675510 91.313768 
299.000000 0.010676 8.632287 91.357037 
299.500000 0.010631 8.589279 91.400091 
300.000000 0.010585 8.546485 91.442930 
300.500000 0.010540 8.503904 91.485555 
301.000000 0.010495 8.461536 91.527969 
301.500000 0.010451 8.419378 91.570171 
302.000000 0.010407 8.377430 91.612163 
302.500000 0.010364 8.335691 91.653945 
303.000000 0.010321 8.294159 91.695519 
303.500000 0.010278 8.252835 91.736887 
304.000000 0.010236 8.211716 91.778048 
304.500000 0.010194 8.170802 91.819004 
305.000000 0.010153 8.130091 91.859756 
305.500000 0.010112 8.089583 91.900305 
306.000000 0.010071 8.049277 91.940652 
306.500000 0.010031 8.009172 91.980798 
307.000000 0.009991 7.969266 92.020743 
307.500000 0.009951 7.929559 92.060490 
308.000000 0.009912 7.890049 92.100039 
308.500000 0.009873 7.850736 92.139391 
309.000000 0.009834 7.811619 92.178546 
309.500000 0.009796 7.772697 92.217507 
310.000000 0.009758 7.733968 92.256273 
310.500000 0.009721 7.695433 92.294847 
311.000000 0.009683 7.657089 92.333228 
311.500000 0.009647 7.618936 92.371417 
312.000000 0.009610 7.580973 92.409417 
312.500000 0.009574 7.543199 92.447227 
313.000000 0.009538 7.505613 92.484849 
313.500000 0.009502 7.468215 92.522283 
314.000000 0.009467 7.431002 92.559531 
314.500000 0.009432 7.393975 92.596593 
315.000000 0.009397 7.357132 92.633471 
315.500000 0.009363 7.320473 92.670165 
316.000000 0.009328 7.283996 92.706676 
316.500000 0.009295 7.247701 92.743005 
317.000000 0.009261 7.211586 92.779153 
317.500000 0.009228 7.175652 92.815120 
318.000000 0.009195 7.139896 92.850909 
318.500000 0.009162 7.104318 92.886519 
319.000000 0.009130 7.068918 92.921952 
319.500000 0.009098 7.033694 92.957209 
320.000000 0.009066 6.998645 92.992289 
320.500000 0.009034 6.963771 93.027195 
321.000000 0.009003 6.929070 93.061927 
321.500000 0.008972 6.894542 93.096486 
322.000000 0.008941 6.860187 93.130872 
322.500000 0.008911 6.826002 93.165088 
323.000000 0.008880 6.791987 93.199132 
323.500000 0.008850 6.758142 93.233007 
324.000000 0.008820 6.724466 93.266714 
324.500000 0.008791 6.690957 93.300252 
325.000000 0.008762 6.657615 93.333623 
325.500000 0.008733 6.624439 93.366828 
326.000000 0.008704 6.591429 93.399868 
326.500000 0.008675 6.558582 93.432743 
327.000000 0.008647 6.525900 93.465454 
327.500000 0.008619 6.493380 93.498002 
328.000000 0.008591 6.461022 93.530387 
328.500000 0.008563 6.428825 93.562612 
329.000000 0.008536 6.396789 93.594676 
329.500000 0.008509 6.364912 93.626580 
330.000000 0.008482 6.333194 93.658325 
330.500000 0.008455 6.301633 93.689912 
331.000000 0.008428 6.270231 93.721341 
331.500000 0.008402 6.238984 93.752614 
332.000000 0.008376 6.207893 93.783731 
332.500000 0.008350 6.176957 93.814693 
333.000000 0.008324 6.146175 93.845500 
333.500000 0.008299 6.115546 93.876155 
334.000000 0.008274 6.085070 93.906656 
334.500000 0.008249 6.054746 93.937005 
335.000000 0.008224 6.024573 93.967203 
335.500000 0.008199 5.994550 93.997251 
336.000000 0.008175 5.964677 94.027149 
336.500000 0.008150 5.934952 94.056898 
337.000000 0.008126 5.905375 94.086498 
337.500000 0.008102 5.875946 94.115952 
338.000000 0.008079 5.846664 94.145258 
338.500000 0.008055 5.817527 94.174418 
339.000000 0.008032 5.788535 94.203433 
339.500000 0.008009 5.759688 94.232304 
340.000000 0.007986 5.730984 94.261030 
340.500000 0.007963 5.702424 94.289613 
341.000000 0.007940 5.674006 94.318054 
341.500000 0.007918 5.645729 94.346353 
342.000000 0.007895 5.617593 94.374512 
342.500000 0.007873 5.589597 94.402529 
343.000000 0.007851 5.561741 94.430408 
343.500000 0.007830 5.534024 94.458147 
344.000000 0.007808 5.506444 94.485748 
344.500000 0.007787 5.479002 94.513211 
345.000000 0.007765 5.451697 94.540538 
345.500000 0.007744 5.424527 94.567728 
346.000000 0.007723 5.397493 94.594783 
346.500000 0.007703 5.370594 94.621703 
347.000000 0.007682 5.343829 94.648489 
347.500000 0.007662 5.317197 94.675141 
348.000000 0.007641 5.290698 94.701661 
348.500000 0.007621 5.264330 94.728048 
349.000000 0.007601 5.238095 94.754304 
349.500000 0.007581 5.211989 94.780429 
350.000000 0.007562 5.186014 94.806424 
350.500000 0.007542 5.160168 94.832289 
351.000000 0.007523 5.134451 94.858026 
351.500000 0.007504 5.108862 94.883634 
352.000000 0.007484 5.083401 94.909114 
352.500000 0.007466 5.058067 94.934468 
353.000000 0.007447 5.032858 94.959695 
353.500000 0.007428 5.007775 94.984797 
354.000000 0.007410 4.982818 95.009773 
354.500000 0.007391 4.957984 95.034625 
355.000000 0.007373 4.933274 95.059353 
355.500000 0.007355 4.908688 95.083957 
356.000000 0.007337 4.884224 95.108440 
356.500000 0.007319 4.859881 95.132800 
357.000000 0.007301 4.835660 95.157038 
357.500000 0.007284 4.811560 95.181156 
358.000000 0.007266 4.787580 95.205154 
358.500000 0.007249 4.763719 95.229032 
359.000000 0.007232 4.739977 95.252791 
359.500000 0.007215 4.716354 95.276432 
360.000000 0.007198 4.692848 95.299955 
360.500000 0.007181 4.669459 95.323360 
361.000000 0.007164 4.646187 95.346649 
361.500000 0.007147 4.623030 95.369822 
362.000000 0.007131 4.599989 95.392880 
362.500000 0.007115 4.577063 95.415822 
363.000000 0.007098 4.554251 95.438650 
363.500000 0.007082 4.531553 95.461365 
364.000000 0.007066 4.508968 95.483966 
364.500000 0.007050 4.486495 95.506454 
365.000000 0.007035 4.464135 95.528831 
