0.000000 99.000000 1.000000 0.000000 
0.500000 98.995546 0.999455 0.004999 
1.000000 98.991095 0.998910 0.009995 
1.500000 98.986647 0.998365 0.014988 
2.000000 98.982201 0.997821 0.019978 
2.500000 98.977758 0.997276 0.024966 
3.000000 98.973317 0.996732 0.029951 
3.500000 98.968879 0.996187 0.034933 
4.000000 98.964444 0.995643 0.039913 
4.500000 98.960011 0.995099 0.044890 
5.000000 98.955581 0.994555 0.049864 
5.500000 98.951154 0.994011 0.054835 
6.000000 98.946729 0.993467 0.059804 
6.500000 98.942307 0.992923 0.064770 
7.000000 98.937887 0.992380 0.069733 
7.500000 98.933470 0.991836 0.074694 
8.000000 98.929056 0.991293 0.079652 
8.500000 98.924644 0.990749 0.084607 
9.000000 98.920235 0.990206 0.089559 
9.500000 98.915829 0.989663 0.094509 
10.000000 98.911425 0.989120 0.099456 
10.500000 98.907023 0.988577 0.104400 
11.000000 98.902625 0.988034 0.109341 
11.500000 98.898229 0.987491 0.114280 
12.000000 98.893835 0.986948 0.119216 
12.500000 98.889444 0.986406 0.124150 
13.000000 98.885056 0.985863 0.129080 
13.500000 98.880671 0.985321 0.134008 
14.000000 98.876288 0.984779 0.138934 
14.500000 98.871907 0.984237 0.143856 
15.000000 98.867529 0.983695 0.148776 
15.500000 98.863154 0.983153 0.153693 
16.000000 98.858782 0.982611 0.158607 
16.500000 98.854412 0.982069 0.163519 
17.000000 98.850044 0.981528 0.168428 
17.500000 98.845679 0.980986 0.173334 
18.000000 98.841317 0.980445 0.178238 
18.500000 98.836958 0.979903 0.183139 
19.000000 98.832601 0.979362 0.188037 
19.500000 98.828246 0.978821 0.192933 
20.000000 98.823894 0.978280 0.197825 
20.500000 98.819545 0.977739 0.202715 
21.000000 98.815199 0.977199 0.207603 
21.500000 98.810855 0.976658 0.212487 
22.000000 98.806513 0.976117 0.217369 
22.500000 98.802174 0.975577 0.222249 
23.000000 98.797838 0.975037 0.227125 
23.500000 98.793505 0.974496 0.231999 
24.000000 98.789174 0.973956 0.236870 
24.500000 98.784845 0.973416 0.241738 
25.000000 98.780519 0.972876 0.246604 
25.500000 98.776196 0.972337 0.251467 
26.000000 98.771875 0.971797 0.256328 
26.500000 98.767557 0.971258 0.261185 
27.000000 98.763242 0.970718 0.266040 
27.500000 98.758929 0.970179 0.270892 
28.000000 98.754619 0.969640 0.275742 
28.500000 98.750311 0.969100 0.280589 
29.000000 98.746006 0.968561 0.285433 
29.500000 98.741703 0.968023 0.290274 
30.000000 98.737403 0.967484 0.295113 
30.500000 98.733106 0.966945 0.299949 
31.000000 98.728811 0.966407 0.304783 
31.500000 98.724519 0.965868 0.309613 
32.000000 98.720229 0.965330 0.314441 
32.500000 98.715942 0.964792 0.319267 
33.000000 98.711657 0.964254 0.324089 
33.500000 98.707375 0.963716 0.328909 
34.000000 98.703096 0.963178 0.333726 
34.500000 98.698819 0.962640 0.338541 
35.000000 98.694545 0.962102 0.343353 
35.500000 98.690273 0.961565 0.348162 
36.000000 98.686004 0.961027 0.352968 
36.500000 98.681738 0.960490 0.357772 
37.000000 98.677474 0.959953 0.362573 
37.500000 98.673212 0.959416 0.367372 
38.000000 98.668954 0.958879 0.372167 
38.500000 98.664697 0.958342 0.376960 
39.000000 98.660444 0.957806 0.381751 
39.500000 98.656193 0.957269 0.386539 
40.000000 98.651944 0.956732 0.391324 
40.500000 98.647698 0.956196 0.396106 
41.000000 98.643455 0.955660 0.400886 
41.500000 98.639214 0.955124 0.405662 
42.000000 98.634975 0.954588 0.410437 
42.500000 98.630740 0.954052 0.415208 
43.000000 98.626507 0.953516 0.419977 
43.500000 98.622276 0.952981 0.424744 
44.000000 98.618048 0.952445 0.429507 
44.500000 98.613822 0.951910 0.434268 
45.000000 98.609599 0.951374 0.439026 
45.500000 98.605379 0.950839 0.443782 
46.000000 98.601161 0.950304 0.448535 
46.500000 98.596946 0.949769 0.453285 
47.000000 98.592733 0.949234 0.458032 
47.500000 98.588523 0.948700 0.462777 
48.000000 98.584315 0.948165 0.467519 
48.500000 98.580110 0.947631 0.472259 
49.000000 98.575908 0.947097 0.476996 
49.500000 98.571708 0.946562 0.481730 
50.000000 98.567511 0.946028 0.486461 
50.500000 98.563316 0.945494 0.491190 
51.000000 98.559123 0.944961 0.495916 
51.500000 98.554934 0.944427 0.500640 
52.000000 98.550746 0.943893 0.505360 
52.500000 98.546562 0.943360 0.510079 
53.000000 98.542379 0.942827 0.514794 
53.500000 98.538200 0.942293 0.519507 
54.000000 98.534023 0.941760 0.524217 
54.500000 98.529848 0.941227 0.528924 
55.000000 98.525676 0.940694 0.533629 
55.500000 98.521507 0.940162 0.538331 
56.000000 98.517340 0.939629 0.543031 
56.500000 98.513176 0.939097 0.547728 
57.000000 98.509014 0.938564 0.552422 
57.500000 98.504854 0.938032 0.557113 
58.000000 98.500698 0.937500 0.561802 
58.500000 98.496543 0.936968 0.566488 
59.000000 98.492392 0.936436 0.571172 
59.500000 98.488243 0.935905 0.575853 
60.000000 98.484096 0.935373 0.580531 
60.500000 98.479952 0.934842 0.585206 
61.000000 98.475810 0.934310 0.589879 
61.500000 98.471671 0.933779 0.594549 
62.000000 98.467535 0.933248 0.599217 
62.500000 98.463401 0.932717 0.603882 
63.000000 98.459269 0.932187 0.608544 
63.500000 98.455140 0.931656 0.613204 
64.000000 98.451014 0.931125 0.617861 
64.500000 98.446890 0.930595 0.622515 
65.000000 98.442769 0.930065 0.627167 
65.500000 98.438650 0.929535 0.631816 
66.000000 98.434533 0.929005 0.636462 
66.500000 98.430420 0.928475 0.641106 
67.000000 98.426308 0.927945 0.645747 
67.500000 98.422199 0.927415 0.650385 
68.000000 98.418093 0.926886 0.655021 
68.500000 98.413989 0.926356 0.659654 
69.000000 98.409888 0.925827 0.664285 
69.500000 98.405790 0.925298 0.668912 
70.000000 98.401693 0.924769 0.673538 
70.500000 98.397600 0.924240 0.678160 
71.000000 98.393508 0.923712 0.682780 
71.500000 98.389420 0.923183 0.687397 
72.000000 98.385334 0.922655 0.692012 
72.500000 98.381250 0.922126 0.696624 
73.000000 98.377169 0.921598 0.701233 
73.500000 98.373090 0.921070 0.705840 
74.000000 98.369014 0.920542 0.710444 
74.500000 98.364940 0.920014 0.715045 
75.000000 98.360869 0.919487 0.719644 
75.500000 98.356801 0.918959 0.724240 
76.000000 98.352735 0.918432 0.728833 
76.500000 98.348671 0.917905 0.733424 
77.000000 98.344610 0.917378 0.738013 
77.500000 98.340551 0.916851 0.742598 
78.000000 98.336495 0.916324 0.747181 
78.500000 98.332442 0.915797 0.751761 
79.000000 98.328390 0.915271 0.756339 
79.500000 98.324342 0.914744 0.760914 
80.000000 98.320296 0.914218 0.765486 
80.500000 98.316252 0.913692 0.770056 
81.000000 98.312211 0.913166 0.774623 
81.500000 98.308172 0.912640 0.779188 
82.000000 98.304136 0.912114 0.783750 
82.500000 98.300102 0.911589 0.788309 
83.000000 98.296071 0.911063 0.792866 
83.500000 98.292043 0.910538 0.797420 
84.000000 98.288016 0.910013 0.801971 
84.500000 98.283993 0.909488 0.806520 
85.000000 98.279971 0.908963 0.811066 
85.500000 98.275953 0.908438 0.815609 
86.000000 98.271936 0.907913 0.820150 
86.500000 98.267923 0.907389 0.824689 
87.000000 98.263911 0.906864 0.829224 
87.500000 98.259903 0.906340 0.833757 
88.000000 98.255896 0.905816 0.838288 
88.500000 98.251892 0.905292 0.842815 
89.000000 98.247891 0.904768 0.847340 
89.500000 98.243892 0.904245 0.851863 
90.000000 98.239896 0.903721 0.856383 
90.500000 98.235902 0.903198 0.860900 
91.000000 98.231910 0.902675 0.865415 
91.500000 98.227921 0.902152 0.869927 
92.000000 98.223935 0.901629 0.874436 
92.500000 98.219951 0.901106 0.878943 
93.000000 98.215969 0.900583 0.883447 
93.500000 98.211990 0.900061 0.887949 
94.000000 98.208014 0.899538 0.892448 
94.500000 98.204039 0.899016 0.896944 
95.000000 98.200068 0.898494 0.901438 
95.500000 98.196099 0.897972 0.905929 
96.000000 98.192132 0.897450 0.910418 
96.500000 98.188168 0.896929 0.914904 
97.000000 98.184206 0.896407 0.919387 
97.500000 98.180246 0.895886 0.923868 
98.000000 98.176290 0.895364 0.928346 
98.500000 98.172335 0.894843 0.932822 
99.000000 98.168383 0.894322 0.937295 
99.500000 98.164434 0.893802 0.941765 
100.000000 98.160487 0.893281 0.946233 
100.500000 98.156542 0.892760 0.950698 
101.000000 98.152600 0.892240 0.955160 
101.500000 98.148660 0.891720 0.959620 
102.000000 98.144723 0.891200 0.964077 
102.500000 98.140788 0.890680 0.968532 
103.000000 98.136856 0.890160 0.972984 
103.500000 98.132926 0.889640 0.977434 
104.000000 98.128999 0.889121 0.981881 
104.500000 98.125074 0.888602 0.986325 
105.000000 98.121151 0.888082 0.990767 
105.500000 98.117231 0.887563 0.995206 
106.000000 98.113313 0.887044 0.999642 
106.500000 98.109398 0.886526 1.004076 
107.000000 98.105486 0.886007 1.008507 
107.500000 98.101575 0.885489 1.012936 
108.000000 98.097667 0.884970 1.017362 
108.500000 98.093762 0.884452 1.021786 
109.000000 98.089859 0.883934 1.026207 
109.500000 98.085959 0.883416 1.030625 
110.000000 98.082061 0.882898 1.035041 
110.500000 98.078165 0.882381 1.039454 
111.000000 98.074272 0.881863 1.043865 
111.500000 98.070381 0.881346 1.048273 
112.000000 98.066493 0.880829 1.052678 
112.500000 98.062607 0.880312 1.057081 
113.000000 98.058723 0.879795 1.061481 
113.500000 98.054842 0.879279 1.065879 
114.000000 98.050964 0.878762 1.070274 
114.500000 98.047088 0.878246 1.074667 
115.000000 98.043214 0.877729 1.079057 
115.500000 98.039343 0.877213 1.083444 
116.000000 98.035474 0.876697 1.087829 
116.500000 98.031607 0.876182 1.092211 
117.000000 98.027743 0.875666 1.096591 
117.500000 98.023882 0.875151 1.100968 
118.000000 98.020023 0.874635 1.105342 
118.500000 98.016166 0.874120 1.109714 
119.000000 98.012312 0.873605 1.114083 
119.500000 98.008460 0.873090 1.118450 
120.000000 98.004610 0.872575 1.122814 
120.500000 98.000763 0.872061 1.127176 
121.000000 97.996919 0.871546 1.131535 
121.500000 97.993077 0.871032 1.135891 
122.000000 97.989237 0.870518 1.140245 
122.500000 97.985399 0.870004 1.144596 
123.000000 97.981564 0.869490 1.148945 
123.500000 97.977732 0.868977 1.153291 
124.000000 97.973902 0.868463 1.157635 
124.500000 97.970074 0.867950 1.161976 
125.000000 97.966249 0.867437 1.166314 
125.500000 97.962426 0.866924 1.170650 
126.000000 97.958606 0.866411 1.174984 
126.500000 97.954787 0.865898 1.179314 
127.000000 97.950972 0.865385 1.183643 
127.500000 97.947159 0.864873 1.187968 
128.000000 97.943348 0.864361 1.192291 
128.500000 97.939539 0.863849 1.196612 
129.000000 97.935733 0.863337 1.200930 
129.500000 97.931930 0.862825 1.205245 
130.000000 97.928128 0.862313 1.209558 
130.500000 97.924330 0.861802 1.213868 
131.000000 97.920533 0.861291 1.218176 
131.500000 97.916739 0.860779 1.222481 
132.000000 97.912948 0.860268 1.226784 
132.500000 97.909158 0.859758 1.231084 
133.000000 97.905372 0.859247 1.235382 
133.500000 97.901587 0.858736 1.239676 
134.000000 97.897805 0.858226 1.243969 
134.500000 97.894026 0.857716 1.248259 
135.000000 97.890248 0.857206 1.252546 
135.500000 97.886473 0.856696 1.256831 
136.000000 97.882701 0.856186 1.261113 
136.500000 97.878931 0.855676 1.265393 
137.000000 97.875163 0.855167 1.269670 
137.500000 97.871398 0.854658 1.273944 
138.000000 97.867635 0.854149 1.278216 
138.500000 97.863875 0.853640 1.282486 
139.000000 97.860116 0.853131 1.286753 
139.500000 97.856361 0.852622 1.291017 
140.000000 97.852607 0.852114 1.295279 
140.500000 97.848856 0.851605 1.299538 
141.000000 97.845108 0.851097 1.303795 
141.500000 97.841362 0.850589 1.308049 
142.000000 97.837618 0.850081 1.312301 
142.500000 97.833876 0.849574 1.316550 
143.000000 97.830137 0.849066 1.320797 
143.500000 97.826400 0.848559 1.325041 
144.000000 97.822666 0.848052 1.329282 
144.500000 97.818934 0.847545 1.333521 
145.000000 97.815205 0.847038 1.337758 
145.500000 97.811477 0.846531 1.341992 
146.000000 97.807753 0.846024 1.346223 
146.500000 97.804030 0.845518 1.350452 
147.000000 97.800310 0.845012 1.354678 
147.500000 97.796592 0.844506 1.358902 
148.000000 97.792877 0.844000 1.363123 
148.500000 97.789164 0.843494 1.367342 
149.000000 97.785453 0.842989 1.371558 
149.500000 97.781745 0.842483 1.375772 
150.000000 97.778039 0.841978 1.379983 
150.500000 97.774336 0.841473 1.384192 
151.000000 97.770634 0.840968 1.388398 
151.500000 97.766936 0.840463 1.392601 
152.000000 97.763239 0.839958 1.396802 
152.500000 97.759545 0.839454 1.401001 
153.000000 97.755853 0.838950 1.405197 
153.500000 97.752164 0.838446 1.409390 
154.000000 97.748477 0.837942 1.413581 
154.500000 97.744792 0.837438 1.417770 
155.000000 97.741110 0.836934 1.421956 
155.500000 97.737430 0.836431 1.426139 
156.000000 97.733752 0.835928 1.430320 
156.500000 97.730077 0.835424 1.434498 
157.000000 97.726404 0.834921 1.438674 
157.500000 97.722734 0.834419 1.442848 
158.000000 97.719066 0.833916 1.447018 
158.500000 97.715400 0.833414 1.451187 
159.000000 97.711736 0.832911 1.455353 
159.500000 97.708075 0.832409 1.459516 
160.000000 97.704416 0.831907 1.463677 
160.500000 97.700760 0.831405 1.467835 
161.000000 97.697106 0.830904 1.471991 
161.500000 97.693454 0.830402 1.476144 
162.000000 97.689804 0.829901 1.480295 
162.500000 97.686157 0.829400 1.484443 
163.000000 97.682512 0.828899 1.488589 
163.500000 97.678870 0.828398 1.492732 
164.000000 97.675230 0.827897 1.496873 
164.500000 97.671592 0.827397 1.501011 
165.000000 97.667957 0.826896 1.505147 
165.500000 97.664324 0.826396 1.509280 
166.000000 97.660693 0.825896 1.513411 
166.500000 97.657065 0.825397 1.517539 
167.000000 97.653438 0.824897 1.521665 
167.500000 97.649815 0.824397 1.525788 
168.000000 97.646193 0.823898 1.529909 
168.500000 97.642574 0.823399 1.534027 
169.000000 97.638957 0.822900 1.538143 
169.500000 97.635343 0.822401 1.542256 
170.000000 97.631731 0.821903 1.546367 
170.500000 97.628121 0.821404 1.550475 
171.000000 97.624513 0.820906 1.554581 
171.500000 97.620908 0.820408 1.558684 
172.000000 97.617305 0.819910 1.562785 
172.500000 97.613705 0.819412 1.566883 
173.000000 97.610107 0.818914 1.570979 
173.500000 97.606511 0.818417 1.575072 
174.000000 97.602917 0.817920 1.579163 
174.500000 97.599326 0.817423 1.583251 
175.000000 97.595737 0.816926 1.587337 
175.500000 97.592150 0.816429 1.591421 
176.000000 97.588566 0.815932 1.595502 
176.500000 97.584984 0.815436 1.599580 
177.000000 97.581404 0.814940 1.603656 
177.500000 97.577827 0.814444 1.607729 
178.000000 97.574252 0.813948 1.611800 
178.500000 97.570679 0.813452 1.615869 
179.000000 97.567109 0.812956 1.619935 
179.500000 97.563541 0.812461 1.623998 
180.000000 97.559975 0.811966 1.628059 
180.500000 97.556411 0.811471 1.632118 
181.000000 97.552850 0.810976 1.636174 
181.500000 97.549291 0.810481 1.640228 
182.000000 97.545734 0.809987 1.644279 
182.500000 97.542180 0.809492 1.648328 
183.000000 97.538628 0.808998 1.652374 
183.500000 97.535078 0.808504 1.656418 
184.000000 97.531531 0.808010 1.660459 
184.500000 97.527986 0.807516 1.664498 
185.000000 97.524443 0.807023 1.668534 
185.500000 97.520902 0.806530 1.672568 
186.000000 97.517364 0.806036 1.676599 
186.500000 97.513828 0.805544 1.680628 
187.000000 97.510294 0.805051 1.684655 
187.500000 97.506763 0.804558 1.688679 
188.000000 97.503234 0.804066 1.692700 
188.500000 97.499707 0.803573 1.696720 
189.000000 97.496183 0.803081 1.700736 
189.500000 97.492660 0.802589 1.704750 
190.000000 97.489140 0.802098 1.708762 
190.500000 97.485623 0.801606 1.712771 
191.000000 97.482107 0.801115 1.716778 
191.500000 97.478594 0.800623 1.720782 
192.000000 97.475083 0.800132 1.724784 
192.500000 97.471575 0.799641 1.728784 
193.000000 97.468069 0.799151 1.732781 
193.500000 97.464565 0.798660 1.736775 
194.000000 97.461063 0.798170 1.740767 
194.500000 97.457564 0.797679 1.744757 
195.000000 97.454066 0.797189 1.748744 
195.500000 97.450571 0.796700 1.752729 
196.000000 97.447079 0.796210 1.756711 
196.500000 97.443589 0.795720 1.760691 
197.000000 97.440100 0.795231 1.764668 
197.500000 97.436615 0.794742 1.768643 
198.000000 97.433131 0.794253 1.772616 
198.500000 97.429650 0.793764 1.776586 
199.000000 97.426171 0.793276 1.780553 
199.500000 97.422694 0.792787 1.784519 
200.000000 97.419220 0.792299 1.788481 
200.500000 97.415747 0.791811 1.792442 
201.000000 97.412278 0.791323 1.796399 
201.500000 97.408810 0.790835 1.800355 
202.000000 97.405344 0.790348 1.804308 
202.500000 97.401881 0.789860 1.808258 
203.000000 97.398420 0.789373 1.812206 
203.500000 97.394962 0.788886 1.816152 
204.000000 97.391505 0.788399 1.820095 
204.500000 97.388051 0.787913 1.824036 
205.000000 97.384599 0.787426 1.827974 
205.500000 97.381150 0.786940 1.831910 
206.000000 97.377702 0.786454 1.835844 
206.500000 97.374257 0.785968 1.839775 
207.000000 97.370814 0.785482 1.843703 
207.500000 97.367374 0.784997 1.847630 
208.000000 97.363935 0.784511 1.851553 
208.500000 97.360499 0.784026 1.855475 
209.000000 97.357065 0.783541 1.859394 
209.500000 97.353634 0.783056 1.863310 
210.000000 97.350204 0.782571 1.867224 
210.500000 97.346777 0.782087 1.871136 
211.000000 97.343352 0.781602 1.875045 
211.500000 97.339930 0.781118 1.878952 
212.000000 97.336509 0.780634 1.882856 
212.500000 97.333091 0.780151 1.886758 
213.000000 97.329675 0.779667 1.890658 
213.500000 97.326262 0.779184 1.894555 
214.000000 97.322850 0.778700 1.898450 
214.500000 97.319441 0.778217 1.902342 
215.000000 97.316034 0.777734 1.906232 
215.500000 97.312629 0.777252 1.910119 
216.000000 97.309227 0.776769 1.914004 
216.500000 97.305826 0.776287 1.917887 
217.000000 97.302428 0.775805 1.921767 
217.500000 97.299032 0.775323 1.925645 
218.000000 97.295639 0.774841 1.929520 
218.500000 97.292247 0.774359 1.933393 
219.000000 97.288858 0.773878 1.937264 
219.500000 97.285471 0.773396 1.941132 
220.000000 97.282087 0.772915 1.944998 
220.500000 97.278704 0.772434 1.948861 
221.000000 97.275324 0.771954 1.952722 
221.500000 97.271946 0.771473 1.956581 
222.000000 97.268570 0.770993 1.960437 
222.500000 97.265197 0.770513 1.964291 
223.000000 97.261825 0.770033 1.968142 
223.500000 97.258456 0.769553 1.971991 
224.000000 97.255089 0.769073 1.975838 
224.500000 97.251724 0.768594 1.979682 
225.000000 97.248362 0.768115 1.983524 
225.500000 97.245002 0.767635 1.987363 
226.000000 97.241643 0.767157 1.991200 
226.500000 97.238288 0.766678 1.995035 
227.000000 97.234934 0.766199 1.998867 
227.500000 97.231582 0.765721 2.002697 
228.000000 97.228233 0.765243 2.006524 
228.500000 97.224886 0.764765 2.010349 
229.000000 97.221541 0.764287 2.014172 
229.500000 97.218199 0.763809 2.017992 
230.000000 97.214858 0.763332 2.021810 
230.500000 97.211520 0.762855 2.025625 
231.000000 97.208184 0.762378 2.029438 
231.500000 97.204850 0.761901 2.033249 
232.000000 97.201519 0.761424 2.037057 
232.500000 97.198189 0.760948 2.040863 
233.000000 97.194862 0.760471 2.044667 
233.500000 97.191537 0.759995 2.048468 
234.000000 97.188214 0.759519 2.052267 
234.500000 97.184893 0.759043 2.056063 
235.000000 97.181575 0.758568 2.059857 
235.500000 97.178259 0.758092 2.063649 
236.000000 97.174945 0.757617 2.067438 
236.500000 97.171633 0.757142 2.071225 
237.000000 97.168323 0.756667 2.075009 
237.500000 97.165016 0.756193 2.078792 
238.000000 97.161710 0.755718 2.082571 
238.500000 97.158407 0.755244 2.086349 
239.000000 97.155106 0.754770 2.090124 
239.500000 97.151808 0.754296 2.093896 
240.000000 97.148511 0.753822 2.097667 
240.500000 97.145217 0.753349 2.101435 
241.000000 97.141924 0.752875 2.105200 
241.500000 97.138634 0.752402 2.108963 
242.000000 97.135347 0.751929 2.112724 
242.500000 97.132061 0.751456 2.116483 
243.000000 97.128777 0.750984 2.120239 
243.500000 97.125496 0.750511 2.123993 
244.000000 97.122217 0.750039 2.127744 
244.500000 97.118940 0.749567 2.131493 
245.000000 97.115665 0.749095 2.135240 
245.500000 97.112393 0.748623 2.138984 
246.000000 97.109122 0.748152 2.142726 
246.500000 97.105854 0.747681 2.146465 
247.000000 97.102588 0.747209 2.150203 
247.500000 97.099324 0.746739 2.153938 
248.000000 97.096062 0.746268 2.157670 
248.500000 97.092803 0.745797 2.161400 
249.000000 97.089545 0.745327 2.165128 
249.500000 97.086290 0.744857 2.168854 
250.000000 97.083037 0.744387 2.172577 
250.500000 97.079786 0.743917 2.176297 
251.000000 97.076537 0.743447 2.180016 
251.500000 97.073290 0.742978 2.183732 
252.000000 97.070046 0.742509 2.187446 
252.500000 97.066804 0.742040 2.191157 
253.000000 97.063563 0.741571 2.194866 
253.500000 97.060325 0.741102 2.198573 
254.000000 97.057090 0.740633 2.202277 
254.500000 97.053856 0.740165 2.205979 
255.000000 97.050624 0.739697 2.209679 
255.500000 97.047395 0.739229 2.213376 
256.000000 97.044168 0.738761 2.217071 
256.500000 97.040943 0.738294 2.220764 
257.000000 97.037720 0.737826 2.224454 
257.500000 97.034499 0.737359 2.228142 
258.000000 97.031280 0.736892 2.231827 
258.500000 97.028064 0.736426 2.235511 
259.000000 97.024849 0.735959 2.239192 
259.500000 97.021637 0.735493 2.242870 
260.000000 97.018427 0.735026 2.246547 
260.500000 97.015219 0.734560 2.250221 
261.000000 97.012013 0.734094 2.253892 
261.500000 97.008810 0.733629 2.257562 
262.000000 97.005608 0.733163 2.261229 
262.500000 97.002409 0.732698 2.264893 
263.000000 96.999212 0.732233 2.268555 
263.500000 96.996016 0.731768 2.272215 
264.000000 96.992824 0.731303 2.275873 
264.500000 96.989633 0.730839 2.279529 
265.000000 96.986444 0.730374 2.283182 
265.500000 96.983257 0.729910 2.286832 
266.000000 96.980073 0.729446 2.290481 
266.500000 96.976891 0.728983 2.294127 
267.000000 96.973710 0.728519 2.297770 
267.500000 96.970532 0.728056 2.301412 
268.000000 96.967356 0.727592 2.305051 
268.500000 96.964183 0.727129 2.308688 
269.000000 96.961011 0.726667 2.312322 
269.500000 96.957841 0.726204 2.315955 
270.000000 96.954674 0.725742 2.319584 
270.500000 96.951509 0.725279 2.323212 
271.000000 96.948345 0.724817 2.326837 
271.500000 96.945184 0.724356 2.330460 
272.000000 96.942025 0.723894 2.334081 
272.500000 96.938869 0.723432 2.337699 
273.000000 96.935714 0.722971 2.341315 
273.500000 96.932561 0.722510 2.344929 
274.000000 96.929411 0.722049 2.348540 
274.500000 96.926262 0.721588 2.352149 
275.000000 96.923116 0.721128 2.355756 
275.500000 96.919972 0.720668 2.359361 
276.000000 96.916830 0.720208 2.362963 
276.500000 96.913690 0.719748 2.366563 
277.000000 96.910552 0.719288 2.370160 
277.500000 96.907416 0.718828 2.373755 
278.000000 96.904283 0.718369 2.377348 
278.500000 96.901151 0.717910 2.380939 
279.000000 96.898022 0.717451 2.384528 
279.500000 96.894894 0.716992 2.388114 
280.000000 96.891769 0.716533 2.391697 
280.500000 96.888646 0.716075 2.395279 
281.000000 96.885525 0.715617 2.398858 
281.500000 96.882406 0.715159 2.402435 
282.000000 96.879289 0.714701 2.406010 
282.500000 96.876174 0.714243 2.409582 
283.000000 96.873062 0.713786 2.413152 
283.500000 96.869951 0.713329 2.416720 
284.000000 96.866843 0.712872 2.420286 
284.500000 96.863736 0.712415 2.423849 
285.000000 96.860632 0.711958 2.427410 
285.500000 96.857530 0.711502 2.430968 
286.000000 96.854430 0.711045 2.434525 
286.500000 96.851332 0.710589 2.438079 
287.000000 96.848236 0.710134 2.441631 
287.500000 96.845142 0.709678 2.445180 
288.000000 96.842050 0.709222 2.448727 
288.500000 96.838961 0.708767 2.452272 
289.000000 96.835873 0.708312 2.455815 
289.500000 96.832787 0.707857 2.459355 
290.000000 96.829704 0.707402 2.462894 
290.500000 96.826623 0.706948 2.466430 
291.000000 96.823543 0.706493 2.469963 
291.500000 96.820466 0.706039 2.473494 
292.000000 96.817391 0.705585 2.477024 
292.500000 96.814318 0.705132 2.480550 
293.000000 96.811247 0.704678 2.484075 
293.500000 96.808178 0.704225 2.487597 
294.000000 96.805111 0.703772 2.491117 
294.500000 96.802047 0.703319 2.494635 
295.000000 96.798984 0.702866 2.498150 
295.500000 96.795923 0.702413 2.501663 
296.000000 96.792865 0.701961 2.505174 
296.500000 96.789808 0.701509 2.508683 
297.000000 96.786754 0.701057 2.512189 
297.500000 96.783702 0.700605 2.515694 
298.000000 96.780651 0.700153 2.519196 
298.500000 96.777603 0.699702 2.522695 
299.000000 96.774557 0.699251 2.526193 
299.500000 96.771513 0.698800 2.529688 
300.000000 96.768471 0.698349 2.533181 
300.500000 96.765431 0.697898 2.536671 
301.000000 96.762393 0.697448 2.540160 
301.500000 96.759357 0.696997 2.543646 
302.000000 96.756323 0.696547 2.547129 
302.500000 96.753291 0.696098 2.550611 
303.000000 96.750262 0.695648 2.554090 
303.500000 96.747234 0.695198 2.557568 
304.000000 96.744208 0.694749 2.561042 
304.500000 96.741185 0.694300 2.564515 
305.000000 96.738163 0.693851 2.567985 
305.500000 96.735144 0.693403 2.571454 
306.000000 96.732126 0.692954 2.574919 
306.500000 96.729111 0.692506 2.578383 
307.000000 96.726098 0.692058 2.581845 
307.500000 96.723086 0.691610 2.585304 
308.000000 96.720077 0.691162 2.588761 
308.500000 96.717070 0.690715 2.592215 
309.000000 96.714065 0.690267 2.595668 
309.500000 96.711062 0.689820 2.599118 
310.000000 96.708061 0.689373 2.602566 
310.500000 96.705062 0.688927 2.606012 
311.000000 96.702065 0.688480 2.609455 
311.500000 96.699070 0.688034 2.612897 
312.000000 96.696077 0.687588 2.616336 
312.500000 96.693086 0.687142 2.619772 
313.000000 96.690097 0.686696 2.623207 
313.500000 96.687110 0.686251 2.626639 
314.000000 96.684125 0.685805 2.630070 
314.500000 96.681143 0.685360 2.633497 
315.000000 96.678162 0.684915 2.636923 
315.500000 96.675183 0.684470 2.640347 
316.000000 96.672206 0.684026 2.643768 
316.500000 96.669232 0.683581 2.647187 
317.000000 96.666259 0.683137 2.650604 
317.500000 96.663288 0.682693 2.654018 
318.000000 96.660320 0.682250 2.657431 
318.500000 96.657353 0.681806 2.660841 
319.000000 96.654389 0.681363 2.664249 
319.500000 96.651426 0.680920 2.667654 
320.000000 96.648466 0.680477 2.671058 
320.500000 96.645507 0.680034 2.674459 
321.000000 96.642551 0.679591 2.677858 
321.500000 96.639596 0.679149 2.681255 
322.000000 96.636644 0.678707 2.684650 
322.500000 96.633693 0.678265 2.688042 
323.000000 96.630745 0.677823 2.691432 
323.500000 96.627798 0.677381 2.694820 
324.000000 96.624854 0.676940 2.698206 
324.500000 96.621912 0.676499 2.701590 
325.000000 96.618971 0.676058 2.704971 
325.500000 96.616033 0.675617 2.708350 
326.000000 96.613096 0.675176 2.711727 
326.500000 96.610162 0.674736 2.715102 
327.000000 96.607230 0.674296 2.718475 
327.500000 96.604299 0.673856 2.721845 
328.000000 96.601371 0.673416 2.725213 
328.500000 96.598444 0.672976 2.728579 
329.000000 96.595520 0.672537 2.731943 
329.500000 96.592598 0.672098 2.735305 
330.000000 96.589677 0.671659 2.738664 
330.500000 96.586759 0.671220 2.742021 
331.000000 96.583842 0.670781 2.745376 
331.500000 96.580928 0.670343 2.748729 
332.000000 96.578016 0.669905 2.752080 
332.500000 96.575105 0.669467 2.755428 
333.000000 96.572197 0.669029 2.758774 
333.500000 96.569290 0.668591 2.762118 
334.000000 96.566386 0.668154 2.765460 
334.500000 96.563483 0.667717 2.768800 
335.000000 96.560583 0.667280 2.772137 
335.500000 96.557685 0.666843 2.775473 
336.000000 96.554788 0.666406 2.778806 
336.500000 96.551893 0.665970 2.782137 
337.000000 96.549001 0.665534 2.785465 
337.500000 96.546110 0.665098 2.788792 
338.000000 96.543222 0.664662 2.792116 
338.500000 96.540335 0.664226 2.795439 
339.000000 96.537451 0.663791 2.798759 
339.500000 96.534568 0.663356 2.802077 
340.000000 96.531687 0.662920 2.805392 
340.500000 96.528809 0.662486 2.808706 
341.000000 96.525932 0.662051 2.812017 
341.500000 96.523057 0.661617 2.815326 
342.000000 96.520184 0.661182 2.818633 
342.500000 96.517314 0.660748 2.821938 
343.000000 96.514445 0.660315 2.825241 
343.500000 96.511578 0.659881 2.828541 
344.000000 96.508713 0.659447 2.831840 
344.500000 96.505850 0.659014 2.835136 
345.000000 96.502989 0.658581 2.838430 
345.500000 96.500130 0.658148 2.841722 
346.000000 96.497273 0.657716 2.845011 
346.500000 96.494418 0.657283 2.848299 
347.000000 96.491565 0.656851 2.851584 
347.500000 96.488714 0.656419 2.854867 
348.000000 96.485865 0.655987 2.858148 
348.500000 96.483017 0.655556 2.861427 
349.000000 96.480172 0.655124 2.864704 
349.500000 96.477329 0.654693 2.867978 
350.000000 96.474487 0.654262 2.871251 
350.500000 96.471648 0.653831 2.874521 
351.000000 96.468811 0.653400 2.877789 
351.500000 96.465975 0.652970 2.881055 
352.000000 96.463141 0.652540 2.884319 
352.500000 96.460310 0.652110 2.887580 
353.000000 96.457480 0.651680 2.890840 
353.500000 96.454653 0.651250 2.894097 
354.000000 96.451827 0.650821 2.897352 
354.500000 96.449003 0.650392 2.900605 
355.000000 96.446181 0.649963 2.903856 
355.500000 96.443361 0.649534 2.907105 
356.000000 96.440543 0.649105 2.910352 
356.500000 96.437727 0.648677 2.913596 
357.000000 96.434913 0.648249 2.916838 
357.500000 96.432101 0.647821 2.920078 
358.000000 96.429291 0.647393 2.923317 
358.500000 96.426482 0.646965 2.926552 
359.000000 96.423676 0.646538 2.929786 
359.500000 96.420872 0.646110 2.933018 
360.000000 96.418069 0.645683 2.936247 
360.500000 96.415269 0.645257 2.939475 
361.000000 96.412470 0.644830 2.942700 
361.500000 96.409673 0.644404 2.945923 
362.000000 96.406879 0.643977 2.949144 
362.500000 96.404086 0.643551 2.952363 
363.000000 96.401295 0.643126 2.955579 
363.500000 96.398506 0.642700 2.958794 
364.000000 96.395719 0.642275 2.962006 
364.500000 96.392934 0.641849 2.965217 
365.000000 96.390151 0.641424 2.968425 
