0.000000 99.000000 1.000000 0.000000 
0.500000 98.950500 1.044500 0.005000 
1.000000 98.898823 1.090954 0.010222 
1.500000 98.844876 1.139447 0.015677 
2.000000 98.788562 1.190064 0.021375 
2.500000 98.729779 1.242896 0.027325 
3.000000 98.668424 1.298037 0.033539 
3.500000 98.604386 1.355584 0.040029 
4.000000 98.537553 1.415639 0.046807 
4.500000 98.467806 1.478308 0.053886 
5.000000 98.395023 1.543699 0.061277 
5.500000 98.319077 1.611927 0.068996 
6.000000 98.239836 1.683109 0.077055 
6.500000 98.157162 1.757368 0.085471 
7.000000 98.070912 1.834830 0.094258 
7.500000 97.980941 1.915627 0.103432 
8.000000 97.887093 1.999897 0.113010 
8.500000 97.789211 2.087779 0.123009 
9.000000 97.687130 2.179422 0.133448 
9.500000 97.580679 2.274975 0.144345 
10.000000 97.469683 2.374597 0.155720 
10.500000 97.353957 2.478450 0.167593 
11.000000 97.233313 2.586701 0.179986 
11.500000 97.107557 2.699524 0.192919 
12.000000 96.976485 2.817099 0.206417 
12.500000 96.839888 2.939609 0.220502 
13.000000 96.697553 3.067247 0.235200 
13.500000 96.549255 3.200209 0.250536 
14.000000 96.394766 3.338696 0.266537 
14.500000 96.233850 3.482919 0.283231 
15.000000 96.066262 3.633092 0.300646 
15.500000 95.891754 3.789435 0.318811 
16.000000 95.710066 3.952176 0.337758 
16.500000 95.520934 4.121547 0.357519 
17.000000 95.324087 4.297786 0.378127 
17.500000 95.119246 4.481138 0.399616 
18.000000 94.906125 4.671854 0.422021 
18.500000 94.684431 4.870188 0.445381 
19.000000 94.453866 5.076403 0.469732 
19.500000 94.214123 5.290764 0.495114 
20.000000 93.964890 5.513542 0.521567 
20.500000 93.705851 5.745014 0.549135 
21.000000 93.436680 5.985460 0.577860 
21.500000 93.157049 6.235163 0.607788 
22.000000 92.866624 6.494412 0.638963 
22.500000 92.565067 6.763497 0.671435 
23.000000 92.252036 7.042712 0.705253 
23.500000 91.927183 7.332350 0.740466 
24.000000 91.590162 7.632710 0.777128 
24.500000 91.240622 7.944087 0.815292 
25.000000 90.878210 8.266778 0.855012 
25.500000 90.502575 8.601079 0.896346 
26.000000 90.113365 8.947284 0.939352 
26.500000 89.710230 9.305682 0.984088 
27.000000 89.292823 9.676561 1.030616 
27.500000 88.860799 10.060202 1.078999 
28.000000 88.413820 10.456880 1.129300 
28.500000 87.951554 10.866862 1.181585 
29.000000 87.473675 11.290406 1.235919 
29.500000 86.979868 11.727761 1.292371 
30.000000 86.469829 12.179161 1.351010 
30.500000 85.943264 12.644831 1.411905 
31.000000 85.399895 13.124975 1.475130 
31.500000 84.839459 13.619786 1.540755 
32.000000 84.261711 14.129435 1.608853 
32.500000 83.666426 14.654073 1.679501 
33.000000 83.053399 15.193830 1.752771 
33.500000 82.422450 15.748810 1.828740 
34.000000 81.773422 16.319094 1.907484 
34.500000 81.106188 16.904732 1.989080 
35.000000 80.420649 17.505748 2.073603 
35.500000 79.716737 18.122131 2.161132 
36.000000 78.994418 18.753839 2.251743 
36.500000 78.253694 19.400794 2.345512 
37.000000 77.494602 20.062882 2.442516 
37.500000 76.717220 20.739950 2.542830 
38.000000 75.921664 21.431806 2.646530 
38.500000 75.108095 22.138216 2.753689 
39.000000 74.276715 22.858905 2.864380 
39.500000 73.427773 23.593552 2.978675 
40.000000 72.561562 24.341796 3.096642 
40.500000 71.678423 25.103226 3.218351 
41.000000 70.778743 25.877390 3.343868 
41.500000 69.862958 26.663787 3.473255 
42.000000 68.931553 27.461874 3.606573 
42.500000 67.985058 28.271059 3.743883 
43.000000 67.024053 29.090709 3.885238 
43.500000 66.049164 29.920144 4.030692 
44.000000 65.061064 30.758643 4.180292 
44.500000 64.060469 31.605445 4.334086 
45.000000 63.048139 32.459748 4.492113 
45.500000 62.024876 33.320713 4.654412 
46.000000 60.991519 34.187465 4.821015 
46.500000 59.948947 35.059101 4.991952 
47.000000 58.898069 35.934683 5.167248 
47.500000 57.839827 36.813252 5.346921 
48.000000 56.775191 37.693822 5.530988 
48.500000 55.705154 38.575389 5.719457 
49.000000 54.630730 39.456936 5.912334 
49.500000 53.552949 40.337432 6.109618 
50.000000 52.472855 41.215839 6.311306 
50.500000 51.391499 42.091117 6.517385 
51.000000 50.309936 42.962224 6.727840 
51.500000 49.229222 43.828126 6.942651 
52.000000 48.150410 44.687798 7.161792 
52.500000 47.074542 45.540227 7.385231 
53.000000 46.002650 46.384418 7.612932 
53.500000 44.935747 47.219399 7.844854 
54.000000 43.874827 48.044222 8.080951 
54.500000 42.820861 48.857967 8.321172 
55.000000 41.774791 49.659747 8.565462 
55.500000 40.737528 50.448711 8.813761 
56.000000 39.709950 51.224045 9.066004 
56.500000 38.692898 51.984977 9.322125 
57.000000 37.687174 52.730777 9.582050 
57.500000 36.693537 53.460760 9.845703 
58.000000 35.712704 54.174288 10.113007 
58.500000 34.745349 54.870772 10.383879 
59.000000 33.792097 55.549670 10.658233 
59.500000 32.853527 56.210492 10.935981 
60.000000 31.930171 56.852796 11.217033 
60.500000 31.022511 57.476192 11.501297 
61.000000 30.130983 58.080339 11.788678 
61.500000 29.255974 58.664946 12.079080 
62.000000 28.397824 59.229771 12.372405 
62.500000 27.556826 59.774621 12.668554 
63.000000 26.733226 60.299347 12.967427 
63.500000 25.927228 60.803848 13.268923 
64.000000 25.138991 61.288067 13.572943 
64.500000 24.368631 61.751986 13.879383 
65.000000 23.616225 62.195632 14.188143 
65.500000 22.881812 62.619067 14.499121 
66.000000 22.165393 63.022390 14.812216 
66.500000 21.466935 63.405736 15.127328 
67.000000 20.786372 63.769271 15.444357 
67.500000 20.123606 64.113191 15.763203 
68.000000 19.478512 64.437719 16.083769 
68.500000 18.850936 64.743106 16.405958 
69.000000 18.240702 65.029624 16.729674 
69.500000 17.647609 65.297569 17.054822 
70.000000 17.071436 65.547254 17.381309 
70.500000 16.511943 65.779011 17.709046 
71.000000 15.968874 65.993186 18.037941 
71.500000 15.441955 66.190138 18.367907 
72.000000 14.930903 66.370240 18.698857 
72.500000 14.435419 66.533873 19.030709 
73.000000 13.955197 66.681425 19.363378 
73.500000 13.489920 66.813294 19.696785 
74.000000 13.039267 66.929881 20.030852 
74.500000 12.602909 67.031590 20.365501 
75.000000 12.180513 67.118828 20.700659 
75.500000 11.771742 67.192005 21.036253 
76.000000 11.376258 67.251529 21.372213 
76.500000 10.993723 67.297806 21.708471 
77.000000 10.623796 67.331244 22.044960 
77.500000 10.266139 67.352245 22.381616 
78.000000 9.920416 67.361207 22.718377 
78.500000 9.586290 67.358527 23.055183 
79.000000 9.263431 67.344593 23.391976 
79.500000 8.951510 67.319791 23.728699 
80.000000 8.650203 67.284499 24.065298 
80.500000 8.359191 67.239089 24.401720 
81.000000 8.078159 67.183926 24.737916 
81.500000 7.806797 67.119367 25.073835 
82.000000 7.544804 67.045764 25.409432 
82.500000 7.291880 66.963459 25.744661 
83.000000 7.047735 66.872786 26.079478 
83.500000 6.812085 66.774073 26.413842 
84.000000 6.584649 66.667638 26.747713 
84.500000 6.365158 66.553791 27.081051 
85.000000 6.153345 66.432835 27.413820 
85.500000 5.948953 66.305063 27.745984 
86.000000 5.751730 66.170761 28.077509 
86.500000 5.561432 66.030205 28.408363 
87.000000 5.377821 65.883665 28.738514 
87.500000 5.200665 65.731402 29.067932 
88.000000 5.029742 65.573669 29.396589 
88.500000 4.864833 65.410710 29.724458 
89.000000 4.705726 65.242762 30.051511 
89.500000 4.552219 65.070056 30.377725 
90.000000 4.404113 64.892812 30.703075 
90.500000 4.261215 64.711246 31.027539 
91.000000 4.123341 64.525564 31.351096 
91.500000 3.990310 64.335966 31.673724 
92.000000 3.861950 64.142647 31.995403 
92.500000 3.738092 63.945791 32.316117 
93.000000 3.618575 63.745580 32.635846 
93.500000 3.503240 63.542186 32.954573 
94.000000 3.391939 63.335777 33.272284 
94.500000 3.284523 63.126514 33.588963 
95.000000 3.180853 62.914551 33.904596 
95.500000 3.080792 62.700039 34.219169 
96.000000 2.984209 62.483122 34.532669 
96.500000 2.890978 62.263938 34.845084 
97.000000 2.800976 62.042620 35.156404 
97.500000 2.714086 61.819297 35.466617 
98.000000 2.630195 61.594092 35.775714 
98.500000 2.549192 61.367124 36.083684 
99.000000 2.470974 61.138506 36.390520 
99.500000 2.395438 60.908350 36.696212 
100.000000 2.322487 60.676759 37.000754 
100.500000 2.252027 60.443836 37.304138 
101.000000 2.183966 60.209677 37.606357 
101.500000 2.118218 59.974377 37.907405 
102.000000 2.054699 59.738024 38.207277 
102.500000 1.993327 59.500706 38.505967 
103.000000 1.934025 59.262504 38.803471 
103.500000 1.876717 59.023499 39.099783 
104.000000 1.821332 58.783767 39.394901 
104.500000 1.767800 58.543381 39.688820 
105.000000 1.716053 58.302410 39.981537 
105.500000 1.666028 58.060923 40.273049 
106.000000 1.617662 57.818984 40.563353 
106.500000 1.570897 57.576655 40.852448 
107.000000 1.525673 57.333995 41.140332 
107.500000 1.481937 57.091062 41.427002 
108.000000 1.439634 56.847909 41.712457 
108.500000 1.398714 56.604590 41.996696 
109.000000 1.359127 56.361154 42.279719 
109.500000 1.320826 56.117649 42.561525 
110.000000 1.283765 55.874121 42.842113 
110.500000 1.247901 55.630615 43.121484 
111.000000 1.213190 55.387173 43.399637 
111.500000 1.179592 55.143835 43.676573 
112.000000 1.147069 54.900639 43.952292 
112.500000 1.115581 54.657623 44.226795 
113.000000 1.085094 54.414823 44.500083 
113.500000 1.055571 54.172271 44.772157 
114.000000 1.026980 53.930001 45.043019 
114.500000 0.999287 53.688044 45.312669 
115.000000 0.972462 53.446428 45.581109 
115.500000 0.946475 53.205184 45.848341 
116.000000 0.921296 52.964336 46.114367 
116.500000 0.896899 52.723913 46.379189 
117.000000 0.873255 52.483937 46.642808 
117.500000 0.850339 52.244433 46.905228 
118.000000 0.828126 52.005424 47.166450 
118.500000 0.806592 51.766930 47.426477 
119.000000 0.785715 51.528973 47.685312 
119.500000 0.765471 51.291572 47.942957 
120.000000 0.745840 51.054745 48.199415 
120.500000 0.726801 50.818511 48.454688 
121.000000 0.708333 50.582886 48.708781 
121.500000 0.690419 50.347886 48.961695 
122.000000 0.673038 50.113527 49.213435 
122.500000 0.656174 49.879824 49.464002 
123.000000 0.639809 49.646789 49.713402 
123.500000 0.623927 49.414438 49.961636 
124.000000 0.608511 49.182781 50.208708 
124.500000 0.593547 48.951831 50.454622 
125.000000 0.579020 48.721600 50.699381 
125.500000 0.564914 48.492097 50.942989 
126.000000 0.551217 48.263333 51.185449 
126.500000 0.537915 48.035319 51.426766 
127.000000 0.524996 47.808061 51.666943 
127.500000 0.512446 47.581571 51.905983 
128.000000 0.500255 47.355854 52.143891 
128.500000 0.488410 47.130920 52.380670 
129.000000 0.476900 46.906775 52.616325 
129.500000 0.465715 46.683426 52.850858 
130.000000 0.454845 46.460880 53.084276 
130.500000 0.444279 46.239141 53.316580 
131.000000 0.434007 46.018217 53.547776 
131.500000 0.424021 45.798112 53.777867 
132.000000 0.414311 45.578831 54.006857 
132.500000 0.404869 45.360379 54.234751 
133.000000 0.395687 45.142760 54.461553 
133.500000 0.386756 44.925977 54.687267 
134.000000 0.378068 44.710035 54.911897 
134.500000 0.369616 44.494936 55.135447 
135.000000 0.361393 44.280685 55.357922 
135.500000 0.353392 44.067283 55.579325 
136.000000 0.345605 43.854733 55.799662 
136.500000 0.338027 43.643037 56.018935 
137.000000 0.330651 43.432199 56.237151 
137.500000 0.323470 43.222218 56.454312 
138.000000 0.316480 43.013097 56.670423 
138.500000 0.309673 42.804838 56.885488 
139.000000 0.303046 42.597442 57.099512 
139.500000 0.296591 42.390909 57.312500 
140.000000 0.290305 42.185241 57.524454 
140.500000 0.284182 41.980438 57.735380 
141.000000 0.278217 41.776501 57.945283 
141.500000 0.272405 41.573430 58.154165 
142.000000 0.266743 41.371225 58.362032 
142.500000 0.261225 41.169887 58.568888 
143.000000 0.255848 40.969415 58.774738 
143.500000 0.250607 40.769809 58.979585 
144.000000 0.245498 40.571068 59.183434 
144.500000 0.240518 40.373193 59.386289 
145.000000 0.235663 40.176182 59.588155 
145.500000 0.230929 39.980035 59.789036 
146.000000 0.226312 39.784751 59.988936 
146.500000 0.221811 39.590329 60.187860 
147.000000 0.217420 39.396769 60.385812 
147.500000 0.213137 39.204068 60.582796 
148.000000 0.208959 39.012225 60.778816 
148.500000 0.204883 38.821240 60.973877 
149.000000 0.200906 38.631111 61.167983 
149.500000 0.197026 38.441836 61.361139 
150.000000 0.193239 38.253414 61.553348 
150.500000 0.189543 38.065842 61.744615 
151.000000 0.185935 37.879121 61.934944 
151.500000 0.182413 37.693247 62.124340 
152.000000 0.178976 37.508218 62.312806 
152.500000 0.175619 37.324034 62.500347 
153.000000 0.172342 37.140691 62.686967 
153.500000 0.169141 36.958188 62.872671 
154.000000 0.166016 36.776523 63.057462 
154.500000 0.162963 36.595693 63.241344 
155.000000 0.159981 36.415696 63.424323 
155.500000 0.157068 36.236531 63.606401 
156.000000 0.154222 36.058194 63.787584 
156.500000 0.151442 35.880683 63.967875 
157.000000 0.148725 35.703997 64.147278 
157.500000 0.146070 35.528132 64.325798 
158.000000 0.143475 35.353086 64.503439 
158.500000 0.140939 35.178857 64.680204 
159.000000 0.138460 35.005441 64.856099 
159.500000 0.136036 34.832838 65.031126 
160.000000 0.133667 34.661043 65.205290 
160.500000 0.131351 34.490054 65.378595 
161.000000 0.129086 34.319869 65.551046 
161.500000 0.126870 34.150485 65.722645 
162.000000 0.124704 33.981899 65.893397 
162.500000 0.122585 33.814108 66.063307 
163.000000 0.120513 33.647110 66.232377 
163.500000 0.118485 33.480902 66.400613 
164.000000 0.116502 33.315481 66.568017 
164.500000 0.114561 33.150844 66.734595 
165.000000 0.112662 32.986989 66.900349 
165.500000 0.110804 32.823912 67.065284 
166.000000 0.108985 32.661611 67.229403 
166.500000 0.107206 32.500083 67.392712 
167.000000 0.105464 32.339324 67.555212 
167.500000 0.103758 32.179333 67.716909 
168.000000 0.102089 32.020106 67.877805 
168.500000 0.100454 31.861640 68.037906 
169.000000 0.098854 31.703932 68.197214 
169.500000 0.097287 31.546979 68.355734 
170.000000 0.095752 31.390779 68.513469 
170.500000 0.094250 31.235328 68.670422 
171.000000 0.092778 31.080623 68.826599 
171.500000 0.091336 30.926662 68.982002 
172.000000 0.089923 30.773441 69.136635 
172.500000 0.088540 30.620957 69.290503 
173.000000 0.087184 30.469208 69.443607 
173.500000 0.085856 30.318190 69.595954 
174.000000 0.084555 30.167901 69.747544 
174.500000 0.083279 30.018337 69.898384 
175.000000 0.082029 29.869495 70.048476 
175.500000 0.080804 29.721373 70.197823 
176.000000 0.079603 29.573967 70.346430 
176.500000 0.078426 29.427274 70.494300 
177.000000 0.077272 29.281292 70.641436 
177.500000 0.076141 29.136016 70.787843 
178.000000 0.075032 28.991446 70.933523 
178.500000 0.073944 28.847576 71.078480 
179.000000 0.072878 28.704405 71.222718 
179.500000 0.071832 28.561929 71.366240 
180.000000 0.070806 28.420145 71.509050 
180.500000 0.069800 28.279050 71.651150 
181.000000 0.068813 28.138642 71.792546 
181.500000 0.067845 27.998917 71.933239 
182.000000 0.066895 27.859872 72.073233 
182.500000 0.065963 27.721504 72.212533 
183.000000 0.065049 27.583811 72.351140 
183.500000 0.064151 27.446789 72.489059 
184.000000 0.063271 27.310436 72.626293 
184.500000 0.062407 27.174748 72.762845 
185.000000 0.061559 27.039722 72.898719 
185.500000 0.060727 26.905355 73.033918 
186.000000 0.059910 26.771646 73.168444 
186.500000 0.059108 26.638589 73.302303 
187.000000 0.058321 26.506184 73.435496 
187.500000 0.057548 26.374426 73.568027 
188.000000 0.056789 26.243312 73.699899 
188.500000 0.056044 26.112841 73.831115 
189.000000 0.055312 25.983009 73.961679 
189.500000 0.054593 25.853812 74.091595 
190.000000 0.053888 25.725249 74.220864 
190.500000 0.053195 25.597316 74.349490 
191.000000 0.052514 25.470010 74.477476 
191.500000 0.051845 25.343329 74.604826 
192.000000 0.051188 25.217269 74.731543 
192.500000 0.050543 25.091828 74.857629 
193.000000 0.049909 24.967003 74.983089 
193.500000 0.049285 24.842791 75.107924 
194.000000 0.048673 24.719189 75.232138 
194.500000 0.048072 24.596195 75.355733 
195.000000 0.047481 24.473805 75.478714 
195.500000 0.046899 24.352017 75.601083 
196.000000 0.046328 24.230828 75.722844 
196.500000 0.045767 24.110235 75.843998 
197.000000 0.045215 23.990236 75.964549 
197.500000 0.044673 23.870827 76.084500 
198.000000 0.044140 23.752006 76.203854 
198.500000 0.043616 23.633770 76.322614 
199.000000 0.043100 23.516117 76.440783 
199.500000 0.042593 23.399043 76.558364 
200.000000 0.042095 23.282546 76.675359 
200.500000 0.041605 23.166623 76.791772 
201.000000 0.041123 23.051272 76.907605 
201.500000 0.040649 22.936490 77.022861 
202.000000 0.040183 22.822273 77.137544 
202.500000 0.039725 22.708621 77.251655 
203.000000 0.039273 22.595529 77.365198 
203.500000 0.038830 22.482995 77.478176 
204.000000 0.038393 22.371016 77.590591 
204.500000 0.037964 22.259590 77.702446 
205.000000 0.037541 22.148715 77.813744 
205.500000 0.037126 22.038387 77.924487 
206.000000 0.036716 21.928604 78.034679 
206.500000 0.036314 21.819364 78.144322 
207.000000 0.035918 21.710663 78.253419 
207.500000 0.035528 21.602500 78.361972 
208.000000 0.035144 21.494871 78.469985 
208.500000 0.034766 21.387774 78.577459 
209.000000 0.034395 21.281207 78.684398 
209.500000 0.034029 21.175167 78.790804 
210.000000 0.033668 21.069652 78.896680 
210.500000 0.033314 20.964658 79.002028 
211.000000 0.032964 20.860184 79.106851 
211.500000 0.032621 20.756227 79.211152 
212.000000 0.032282 20.652784 79.314934 
212.500000 0.031949 20.549854 79.418197 
213.000000 0.031620 20.447433 79.520947 
213.500000 0.031297 20.345519 79.623184 
214.000000 0.030979 20.244110 79.724911 
214.500000 0.030665 20.143203 79.826132 
215.000000 0.030356 20.042796 79.926848 
215.500000 0.030052 19.942886 80.027062 
216.000000 0.029752 19.843471 80.126776 
216.500000 0.029457 19.744549 80.225994 
217.000000 0.029166 19.646117 80.324717 
217.500000 0.028880 19.548173 80.422947 
218.000000 0.028598 19.450714 80.520688 
218.500000 0.028320 19.353739 80.617942 
219.000000 0.028046 19.257244 80.714710 
219.500000 0.027775 19.161228 80.810996 
220.000000 0.027509 19.065688 80.906803 
220.500000 0.027247 18.970622 81.002131 
221.000000 0.026989 18.876027 81.096984 
221.500000 0.026734 18.781902 81.191364 
222.000000 0.026483 18.688243 81.285274 
222.500000 0.026235 18.595050 81.378715 
223.000000 0.025992 18.502318 81.471690 
223.500000 0.025751 18.410047 81.564202 
224.000000 0.025514 18.318234 81.656252 
224.500000 0.025280 18.226876 81.747843 
225.000000 0.025050 18.135972 81.838978 
225.500000 0.024823 18.045520 81.929658 
226.000000 0.024599 17.955516 82.019885 
226.500000 0.024378 17.865959 82.109663 
227.000000 0.024160 17.776847 82.198992 
227.500000 0.023945 17.688178 82.287877 
228.000000 0.023734 17.599949 82.376318 
228.500000 0.023525 17.512158 82.464317 
229.000000 0.023319 17.424803 82.551878 
229.500000 0.023116 17.337882 82.639002 
230.000000 0.022915 17.251393 82.725692 
230.500000 0.022718 17.165334 82.811949 
231.000000 0.022523 17.079702 82.897775 
231.500000 0.022330 16.994496 82.983174 
232.000000 0.022141 16.909713 83.068146 
232.500000 0.021953 16.825352 83.152695 
233.000000 0.021769 16.741410 83.236822 
233.500000 0.021586 16.657885 83.320529 
234.000000 0.021407 16.574775 83.403818 
234.500000 0.021229 16.492079 83.486692 
235.000000 0.021054 16.409794 83.569152 
235.500000 0.020881 16.327917 83.651201 
236.000000 0.020711 16.246448 83.732841 
236.500000 0.020543 16.165384 83.814073 
237.000000 0.020377 16.084723 83.894900 
237.500000 0.020213 16.004464 83.975324 
238.000000 0.020051 15.924603 84.055346 
238.500000 0.019891 15.845140 84.134969 
239.000000 0.019734 15.766072 84.214195 
239.500000 0.019578 15.687397 84.293025 
240.000000 0.019425 15.609113 84.371462 
240.500000 0.019273 15.531219 84.449508 
241.000000 0.019123 15.453713 84.527164 
241.500000 0.018976 15.376592 84.604432 
242.000000 0.018830 15.299855 84.681315 
242.500000 0.018686 15.223500 84.757814 
243.000000 0.018544 15.147525 84.833932 
243.500000 0.018403 15.071927 84.909670 
244.000000 0.018264 14.996706 84.985029 
244.500000 0.018127 14.921860 85.060013 
245.000000 0.017992 14.847386 85.134622 
245.500000 0.017859 14.773282 85.208859 
246.000000 0.017727 14.699548 85.282725 
246.500000 0.017596 14.626180 85.356223 
247.000000 0.017468 14.553178 85.429354 
247.500000 0.017341 14.480539 85.502120 
248.000000 0.017215 14.408262 85.574523 
248.500000 0.017091 14.336345 85.646564 
249.000000 0.016969 14.264786 85.718246 
249.500000 0.016848 14.193583 85.789570 
250.000000 0.016728 14.122735 85.860537 
250.500000 0.016610 14.052239 85.931151 
251.000000 0.016493 13.982095 86.001412 
251.500000 0.016378 13.912299 86.071323 
252.000000 0.016264 13.842852 86.140884 
252.500000 0.016151 13.773750 86.210099 
253.000000 0.016040 13.704993 86.278967 
253.500000 0.015930 13.636578 86.347492 
254.000000 0.015822 13.568503 86.415675 
254.500000 0.015714 13.500768 86.483518 
255.000000 0.015608 13.433370 86.551022 
255.500000 0.015503 13.366308 86.618188 
256.000000 0.015400 13.299580 86.685020 
256.500000 0.015297 13.233185 86.751518 
257.000000 0.015196 13.167120 86.817684 
257.500000 0.015096 13.101385 86.883519 
258.000000 0.014997 13.035977 86.949026 
258.500000 0.014899 12.970894 87.014206 
259.000000 0.014803 12.906137 87.079061 
259.500000 0.014707 12.841701 87.143591 
260.000000 0.014613 12.777587 87.207800 
260.500000 0.014519 12.713793 87.271688 
261.000000 0.014427 12.650316 87.335257 
261.500000 0.014336 12.587156 87.398508 
262.000000 0.014246 12.524310 87.461444 
262.500000 0.014156 12.461778 87.524066 
263.000000 0.014068 12.399557 87.586375 
263.500000 0.013981 12.337647 87.648372 
264.000000 0.013895 12.276045 87.710061 
264.500000 0.013810 12.214750 87.771441 
265.000000 0.013725 12.153760 87.832515 
265.500000 0.013642 12.093075 87.893283 
266.000000 0.013559 12.032692 87.953749 
266.500000 0.013478 11.972610 88.013912 
267.000000 0.013397 11.912828 88.073775 
267.500000 0.013317 11.853343 88.133339 
268.000000 0.013238 11.794156 88.192606 
268.500000 0.013160 11.735263 88.251577 
269.000000 0.013083 11.676664 88.310253 
269.500000 0.013007 11.618357 88.368636 
270.000000 0.012931 11.560341 88.426728 
270.500000 0.012856 11.502614 88.484530 
271.000000 0.012782 11.445175 88.542043 
271.500000 0.012709 11.388022 88.599269 
272.000000 0.012637 11.331154 88.656209 
272.500000 0.012565 11.274570 88.712865 
273.000000 0.012494 11.218268 88.769238 
273.500000 0.012424 11.162247 88.825329 
274.000000 0.012355 11.106505 88.881140 
274.500000 0.012286 11.051041 88.936673 
275.000000 0.012219 10.995854 88.991928 
275.500000 0.012151 10.940941 89.046907 
276.000000 0.012085 10.886303 89.101612 
276.500000 0.012019 10.831937 89.156043 
277.000000 0.011954 10.777843 89.210203 
277.500000 0.011890 10.724018 89.264092 
278.000000 0.011826 10.670462 89.317712 
278.500000 0.011763 10.617173 89.371065 
279.000000 0.011700 10.564149 89.424151 
279.500000 0.011638 10.511390 89.476971 
280.000000 0.011577 10.458894 89.529528 
280.500000 0.011517 10.406660 89.581823 
281.000000 0.011457 10.354687 89.633856 
281.500000 0.011398 10.302973 89.685629 
282.000000 0.011339 10.251517 89.737144 
282.500000 0.011281 10.200317 89.788402 
283.000000 0.011223 10.149373 89.839404 
283.500000 0.011166 10.098683 89.890150 
284.000000 0.011110 10.048246 89.940644 
284.500000 0.011054 9.998061 89.990885 
285.000000 0.010999 9.948126 90.040875 
285.500000 0.010944 9.898440 90.090616 
286.000000 0.010890 9.849002 90.140108 
286.500000 0.010836 9.799811 90.189353 
287.000000 0.010783 9.750865 90.238352 
287.500000 0.010731 9.702163 90.287107 
288.000000 0.010679 9.653704 90.335617 
288.500000 0.010627 9.605487 90.383886 
289.000000 0.010576 9.557511 90.431913 
289.500000 0.010525 9.509774 90.479701 
290.000000 0.010475 9.462275 90.527250 
290.500000 0.010426 9.415013 90.574561 
291.000000 0.010377 9.367987 90.621636 
291.500000 0.010328 9.321196 90.668476 
292.000000 0.010280 9.274638 90.715082 
292.500000 0.010232 9.228312 90.761455 
293.000000 0.010185 9.182218 90.807597 
293.500000 0.010138 9.136354 90.853508 
294.000000 0.010092 9.090718 90.899190 
294.500000 0.010046 9.045311 90.944643 
295.000000 0.010001 9.000129 90.989870 
295.500000 0.009956 8.955174 91.034871 
296.000000 0.009911 8.910442 91.079646 
296.500000 0.009867 8.865934 91.124199 
297.000000 0.009823 8.821649 91.168528 
297.500000 0.009780 8.777584 91.212637 
298.000000 0.009737 8.733739 91.256524 
298.500000 0.009694 8.690112 91.300193 
299.000000 0.009652 8.646704 91.343644 
299.500000 0.009611 8.603512 91.386877 
300.000000 0.009569 8.560536 91.429895 
300.500000 0.009528 8.517774 91.472697 
301.000000 0.009488 8.475226 91.515286 
301.500000 0.009448 8.432890 91.557662 
302.000000 0.009408 8.390765 91.599827 
302.500000 0.009368 8.348851 91.641781 
303.000000 0.009329 8.307146 91.683525 
303.500000 0.009290 8.265649 91.725061 
304.000000 0.009252 8.224359 91.766389 
304.500000 0.009214 8.183275 91.807511 
305.000000 0.009176 8.142397 91.848427 
305.500000 0.009139 8.101722 91.889139 
306.000000 0.009102 8.061250 91.929648 
306.500000 0.009065 8.020981 91.969954 
307.000000 0.009029 7.980912 92.010059 
307.500000 0.008993 7.941044 92.049963 
308.000000 0.008957 7.901374 92.089669 
308.500000 0.008922 7.861903 92.129176 
309.000000 0.008887 7.822628 92.168485 
309.500000 0.008852 7.783550 92.207598 
310.000000 0.008817 7.744667 92.246516 
310.500000 0.008783 7.705977 92.285239 
311.000000 0.008749 7.667481 92.323769 
311.500000 0.008716 7.629178 92.362107 
312.000000 0.008683 7.591065 92.400252 
312.500000 0.008650 7.553143 92.438208 
313.000000 0.008617 7.515410 92.475973 
313.500000 0.008585 7.477865 92.513551 
314.000000 0.008553 7.440508 92.550940 
314.500000 0.008521 7.403337 92.588142 
315.000000 0.008489 7.366352 92.625159 
315.500000 0.008458 7.329551 92.661991 
316.000000 0.008427 7.292935 92.698639 
316.500000 0.008396 7.256501 92.735103 
317.000000 0.008366 7.220249 92.771386 
317.500000 0.008336 7.184177 92.807487 
318.000000 0.008306 7.148287 92.843408 
318.500000 0.008276 7.112575 92.879149 
319.000000 0.008246 7.077041 92.914712 
319.500000 0.008217 7.041685 92.950097 
320.000000 0.008188 7.006506 92.985306 
320.500000 0.008160 6.971502 93.020338 
321.000000 0.008131 6.936673 93.055196 
321.500000 0.008103 6.902018 93.089879 
322.000000 0.008075 6.867536 93.124389 
322.500000 0.008047 6.833226 93.158727 
323.000000 0.008020 6.799087 93.192893 
323.500000 0.007993 6.765119 93.226889 
324.000000 0.007966 6.731320 93.260714 
324.500000 0.007939 6.697691 93.294371 
325.000000 0.007912 6.664229 93.327859 
325.500000 0.007886 6.630934 93.361180 
326.000000 0.007860 6.597805 93.394335 
326.500000 0.007834 6.564842 93.427324 
327.000000 0.007808 6.532044 93.460148 
327.500000 0.007782 6.499409 93.492808 
328.000000 0.007757 6.466937 93.525306 
328.500000 0.007732 6.434628 93.557640 
329.000000 0.007707 6.402479 93.589813 
329.500000 0.007683 6.370492 93.621826 
330.000000 0.007658 6.338664 93.653678 
330.500000 0.007634 6.306995 93.685372 
331.000000 0.007610 6.275484 93.716907 
331.500000 0.007586 6.244130 93.748284 
332.000000 0.007562 6.212933 93.779505 
332.500000 0.007539 6.181892 93.810569 
333.000000 0.007515 6.151006 93.841479 
333.500000 0.007492 6.120274 93.872234 
334.000000 0.007469 6.089696 93.902835 
334.500000 0.007447 6.059270 93.933284 
335.000000 0.007424 6.028996 93.963580 
335.500000 0.007402 5.998873 93.993725 
336.000000 0.007379 5.968901 94.023719 
336.500000 0.007357 5.939079 94.053564 
337.000000 0.007336 5.909405 94.083259 
337.500000 0.007314 5.879880 94.112806 
338.000000 0.007292 5.850502 94.142206 
338.500000 0.007271 5.821271 94.171458 
339.000000 0.007250 5.792186 94.200564 
339.500000 0.007229 5.763246 94.229525 
340.000000 0.007208 5.734450 94.258342 
340.500000 0.007187 5.705799 94.287014 
341.000000 0.007167 5.677290 94.315543 
341.500000 0.007147 5.648924 94.343929 
342.000000 0.007126 5.620700 94.372174 
342.500000 0.007106 5.592616 94.400277 
343.000000 0.007086 5.564673 94.428241 
343.500000 0.007067 5.536869 94.456064 
344.000000 0.007047 5.509205 94.483748 
344.500000 0.007028 5.481678 94.511294 
345.000000 0.007009 5.454289 94.538703 
345.500000 0.006989 5.427036 94.565974 
346.000000 0.006970 5.399920 94.593109 
346.500000 0.006952 5.372939 94.620109 
347.000000 0.006933 5.346093 94.646974 
347.500000 0.006914 5.319382 94.673704 
348.000000 0.006896 5.292803 94.700301 
348.500000 0.006878 5.266357 94.726765 
349.000000 0.006860 5.240044 94.753097 
349.500000 0.006842 5.213861 94.779297 
350.000000 0.006824 5.187810 94.805366 
350.500000 0.006806 5.161889 94.831305 
351.000000 0.006789 5.136097 94.857115 
351.500000 0.006771 5.110434 94.882795 
352.000000 0.006754 5.084899 94.908347 
352.500000 0.006737 5.059491 94.933772 
353.000000 0.006720 5.034211 94.959069 
353.500000 0.006703 5.009057 94.984240 
354.000000 0.006686 4.984028 95.009286 
354.500000 0.006669 4.959125 95.034206 
355.000000 0.006653 4.934346 95.059001 
355.500000 0.006636 4.909690 95.083673 
356.000000 0.006620 4.885158 95.108222 
356.500000 0.006604 4.860749 95.132647 
357.000000 0.006588 4.836461 95.156951 
357.500000 0.006572 4.812295 95.181133 
358.000000 0.006556 4.788249 95.205195 
358.500000 0.006540 4.764323 95.229136 
359.000000 0.006525 4.740517 95.252958 
359.500000 0.006509 4.716830 95.276660 
360.000000 0.006494 4.693261 95.300245 
360.500000 0.006479 4.669810 95.323711 
361.000000 0.006464 4.646476 95.347060 
361.500000 0.006449 4.623259 95.370292 
362.000000 0.006434 4.600158 95.393409 
362.500000 0.006419 4.577172 95.416409 
363.000000 0.006404 4.554301 95.439295 
363.500000 0.006390 4.531544 95.462067 
364.000000 0.006375 4.508900 95.484724 
364.500000 0.006361 4.486370 95.507269 
365.000000 0.006347 4.463953 95.529701 
