0.000000 99.000000 1.000000 0.000000 
0.500000 98.995545 0.999455 0.005000 
1.000000 98.991093 0.998910 0.009997 
1.500000 98.986643 0.998365 0.014992 
2.000000 98.982196 0.997821 0.019984 
2.500000 98.977751 0.997276 0.024973 
3.000000 98.973309 0.996731 0.029959 
3.500000 98.968870 0.996187 0.034943 
4.000000 98.964434 0.995643 0.039924 
4.500000 98.960000 0.995099 0.044902 
5.000000 98.955568 0.994554 0.049877 
5.500000 98.951139 0.994010 0.054850 
6.000000 98.946713 0.993466 0.059820 
6.500000 98.942290 0.992923 0.064788 
7.000000 98.937869 0.992379 0.069752 
7.500000 98.933451 0.991835 0.074714 
8.000000 98.929035 0.991292 0.079673 
8.500000 98.924622 0.990748 0.084630 
9.000000 98.920212 0.990205 0.089583 
9.500000 98.915804 0.989662 0.094534 
10.000000 98.911399 0.989119 0.099483 
10.500000 98.906996 0.988576 0.104428 
11.000000 98.902596 0.988033 0.109371 
11.500000 98.898199 0.987490 0.114311 
12.000000 98.893804 0.986947 0.119249 
12.500000 98.889412 0.986405 0.124184 
13.000000 98.885022 0.985862 0.129116 
13.500000 98.880635 0.985320 0.134045 
14.000000 98.876251 0.984777 0.138972 
14.500000 98.871869 0.984235 0.143895 
15.000000 98.867490 0.983693 0.148817 
15.500000 98.863114 0.983151 0.153735 
16.000000 98.858740 0.982609 0.158651 
16.500000 98.854369 0.982068 0.163564 
17.000000 98.850000 0.981526 0.168474 
17.500000 98.845634 0.980984 0.173382 
18.000000 98.841270 0.980443 0.178287 
18.500000 98.836909 0.979902 0.183189 
19.000000 98.832551 0.979360 0.188089 
19.500000 98.828196 0.978819 0.192985 
20.000000 98.823842 0.978278 0.197879 
20.500000 98.819492 0.977737 0.202771 
21.000000 98.815144 0.977196 0.207659 
21.500000 98.810799 0.976656 0.212545 
22.000000 98.806456 0.976115 0.217429 
22.500000 98.802116 0.975575 0.222309 
23.000000 98.797779 0.975034 0.227187 
23.500000 98.793444 0.974494 0.232062 
24.000000 98.789111 0.973954 0.236935 
24.500000 98.784782 0.973414 0.241805 
25.000000 98.780454 0.972874 0.246672 
25.500000 98.776130 0.972334 0.251536 
26.000000 98.771808 0.971794 0.256398 
26.500000 98.767489 0.971255 0.261257 
27.000000 98.763172 0.970715 0.266113 
27.500000 98.758858 0.970176 0.270967 
28.000000 98.754546 0.969637 0.275817 
28.500000 98.750237 0.969097 0.280666 
29.000000 98.745931 0.968558 0.285511 
29.500000 98.741627 0.968019 0.290354 
30.000000 98.737325 0.967481 0.295194 
30.500000 98.733027 0.966942 0.300031 
31.000000 98.728731 0.966403 0.304866 
31.500000 98.724437 0.965865 0.309698 
32.000000 98.720146 0.965326 0.314527 
32.500000 98.715858 0.964788 0.319354 
33.000000 98.711572 0.964250 0.324178 
33.500000 98.707289 0.963712 0.328999 
34.000000 98.703008 0.963174 0.333818 
34.500000 98.698730 0.962636 0.338634 
35.000000 98.694455 0.962099 0.343447 
35.500000 98.690182 0.961561 0.348257 
36.000000 98.685911 0.961024 0.353065 
36.500000 98.681644 0.960486 0.357870 
37.000000 98.677378 0.959949 0.362673 
37.500000 98.673116 0.959412 0.367472 
38.000000 98.668856 0.958875 0.372270 
38.500000 98.664598 0.958338 0.377064 
39.000000 98.660343 0.957801 0.381856 
39.500000 98.656091 0.957265 0.386645 
40.000000 98.651841 0.956728 0.391431 
40.500000 98.647594 0.956192 0.396215 
41.000000 98.643349 0.955655 0.400995 
41.500000 98.639107 0.955119 0.405774 
42.000000 98.634867 0.954583 0.410549 
42.500000 98.630630 0.954047 0.415322 
43.000000 98.626396 0.953511 0.420093 
43.500000 98.622164 0.952976 0.424860 
44.000000 98.617935 0.952440 0.429625 
44.500000 98.613708 0.951905 0.434387 
45.000000 98.609484 0.951369 0.439147 
45.500000 98.605262 0.950834 0.443904 
46.000000 98.601043 0.950299 0.448658 
46.500000 98.596827 0.949764 0.453409 
47.000000 98.592613 0.949229 0.458158 
47.500000 98.588401 0.948694 0.462904 
48.000000 98.584192 0.948160 0.467648 
48.500000 98.579986 0.947625 0.472388 
49.000000 98.575782 0.947091 0.477127 
49.500000 98.571581 0.946557 0.481862 
50.000000 98.567383 0.946023 0.486595 
50.500000 98.563186 0.945489 0.491325 
51.000000 98.558993 0.944955 0.496052 
51.500000 98.554802 0.944421 0.500777 
52.000000 98.550613 0.943887 0.505499 
52.500000 98.546427 0.943354 0.510219 
53.000000 98.542244 0.942821 0.514935 
53.500000 98.538063 0.942287 0.519650 
54.000000 98.533885 0.941754 0.524361 
54.500000 98.529709 0.941221 0.529070 
55.000000 98.525536 0.940688 0.533776 
55.500000 98.521365 0.940155 0.538479 
56.000000 98.517197 0.939623 0.543180 
56.500000 98.513031 0.939090 0.547878 
57.000000 98.508868 0.938558 0.552574 
57.500000 98.504708 0.938026 0.557266 
58.000000 98.500550 0.937494 0.561957 
58.500000 98.496394 0.936962 0.566644 
59.000000 98.492241 0.936430 0.571329 
59.500000 98.488091 0.935898 0.576011 
60.000000 98.483943 0.935366 0.580690 
60.500000 98.479798 0.934835 0.585367 
61.000000 98.475655 0.934303 0.590041 
61.500000 98.471515 0.933772 0.594713 
62.000000 98.467377 0.933241 0.599382 
62.500000 98.463242 0.932710 0.604048 
63.000000 98.459109 0.932179 0.608712 
63.500000 98.454979 0.931649 0.613373 
64.000000 98.450851 0.931118 0.618031 
64.500000 98.446726 0.930587 0.622686 
65.000000 98.442604 0.930057 0.627339 
65.500000 98.438484 0.929527 0.631990 
66.000000 98.434366 0.928997 0.636637 
66.500000 98.430251 0.928467 0.641282 
67.000000 98.426138 0.927937 0.645925 
67.500000 98.422028 0.927407 0.650564 
68.000000 98.417921 0.926878 0.655201 
68.500000 98.413816 0.926348 0.659836 
69.000000 98.409714 0.925819 0.664467 
69.500000 98.405614 0.925290 0.669096 
70.000000 98.401516 0.924761 0.673723 
70.500000 98.397421 0.924232 0.678347 
71.000000 98.393329 0.923703 0.682968 
71.500000 98.389239 0.923175 0.687586 
72.000000 98.385152 0.922646 0.692202 
72.500000 98.381067 0.922118 0.696815 
73.000000 98.376984 0.921589 0.701426 
73.500000 98.372905 0.921061 0.706034 
74.000000 98.368827 0.920533 0.710639 
74.500000 98.364752 0.920006 0.715242 
75.000000 98.360680 0.919478 0.719842 
75.500000 98.356610 0.918950 0.724439 
76.000000 98.352543 0.918423 0.729034 
76.500000 98.348478 0.917896 0.733626 
77.000000 98.344416 0.917368 0.738216 
77.500000 98.340356 0.916841 0.742803 
78.000000 98.336299 0.916314 0.747387 
78.500000 98.332244 0.915788 0.751968 
79.000000 98.328192 0.915261 0.756547 
79.500000 98.324142 0.914735 0.761124 
80.000000 98.320094 0.914208 0.765697 
80.500000 98.316050 0.913682 0.770268 
81.000000 98.312007 0.913156 0.774837 
81.500000 98.307967 0.912630 0.779403 
82.000000 98.303930 0.912104 0.783966 
82.500000 98.299895 0.911579 0.788526 
83.000000 98.295863 0.911053 0.793084 
83.500000 98.291833 0.910528 0.797639 
84.000000 98.287806 0.910002 0.802192 
84.500000 98.283781 0.909477 0.806742 
85.000000 98.279758 0.908952 0.811289 
85.500000 98.275738 0.908427 0.815834 
86.000000 98.271721 0.907903 0.820376 
86.500000 98.267706 0.907378 0.824916 
87.000000 98.263694 0.906854 0.829453 
87.500000 98.259684 0.906329 0.833987 
88.000000 98.255676 0.905805 0.838519 
88.500000 98.251671 0.905281 0.843048 
89.000000 98.247668 0.904757 0.847574 
89.500000 98.243668 0.904234 0.852098 
90.000000 98.239671 0.903710 0.856619 
90.500000 98.235676 0.903187 0.861138 
91.000000 98.231683 0.902663 0.865653 
91.500000 98.227693 0.902140 0.870167 
92.000000 98.223705 0.901617 0.874678 
92.500000 98.219720 0.901094 0.879186 
93.000000 98.215737 0.900572 0.883691 
93.500000 98.211757 0.900049 0.888194 
94.000000 98.207779 0.899527 0.892694 
94.500000 98.203804 0.899004 0.897192 
95.000000 98.199831 0.898482 0.901687 
95.500000 98.195861 0.897960 0.906179 
96.000000 98.191893 0.897438 0.910669 
96.500000 98.187927 0.896916 0.915156 
97.000000 98.183964 0.896395 0.919641 
97.500000 98.180004 0.895873 0.924123 
98.000000 98.176046 0.895352 0.928602 
98.500000 98.172090 0.894831 0.933079 
99.000000 98.168137 0.894310 0.937553 
99.500000 98.164186 0.893789 0.942025 
100.000000 98.160238 0.893268 0.946494 
100.500000 98.156292 0.892748 0.950960 
101.000000 98.152349 0.892227 0.955424 
101.500000 98.148408 0.891707 0.959885 
102.000000 98.144470 0.891187 0.964343 
102.500000 98.140534 0.890667 0.968799 
103.000000 98.136600 0.890147 0.973253 
103.500000 98.132669 0.889627 0.977703 
104.000000 98.128741 0.889108 0.982151 
104.500000 98.124815 0.888588 0.986597 
105.000000 98.120891 0.888069 0.991040 
105.500000 98.116970 0.887550 0.995480 
106.000000 98.113051 0.887031 0.999918 
106.500000 98.109135 0.886512 1.004353 
107.000000 98.105221 0.885993 1.008786 
107.500000 98.101310 0.885475 1.013216 
108.000000 98.097401 0.884956 1.017643 
108.500000 98.093494 0.884438 1.022068 
109.000000 98.089590 0.883920 1.026490 
109.500000 98.085688 0.883402 1.030910 
110.000000 98.081789 0.882884 1.035327 
110.500000 98.077892 0.882367 1.039741 
111.000000 98.073998 0.881849 1.044153 
111.500000 98.070106 0.881332 1.048562 
112.000000 98.066217 0.880815 1.052969 
112.500000 98.062330 0.880298 1.057373 
113.000000 98.058445 0.879781 1.061774 
113.500000 98.054563 0.879264 1.066173 
114.000000 98.050683 0.878747 1.070570 
114.500000 98.046806 0.878231 1.074963 
115.000000 98.042931 0.877714 1.079354 
115.500000 98.039059 0.877198 1.083743 
116.000000 98.035189 0.876682 1.088129 
116.500000 98.031321 0.876166 1.092512 
117.000000 98.027456 0.875651 1.096893 
117.500000 98.023593 0.875135 1.101272 
118.000000 98.019733 0.874620 1.105647 
118.500000 98.015875 0.874105 1.110020 
119.000000 98.012020 0.873589 1.114391 
119.500000 98.008167 0.873075 1.118759 
120.000000 98.004316 0.872560 1.123124 
120.500000 98.000468 0.872045 1.127487 
121.000000 97.996622 0.871531 1.131847 
121.500000 97.992779 0.871016 1.136205 
122.000000 97.988938 0.870502 1.140560 
122.500000 97.985099 0.869988 1.144912 
123.000000 97.981263 0.869474 1.149262 
123.500000 97.977430 0.868960 1.153610 
124.000000 97.973599 0.868447 1.157955 
124.500000 97.969770 0.867933 1.162297 
125.000000 97.965943 0.867420 1.166636 
125.500000 97.962119 0.866907 1.170974 
126.000000 97.958298 0.866394 1.175308 
126.500000 97.954479 0.865881 1.179640 
127.000000 97.950662 0.865369 1.183969 
127.500000 97.946847 0.864856 1.188296 
128.000000 97.943036 0.864344 1.192621 
128.500000 97.939226 0.863832 1.196942 
129.000000 97.935419 0.863320 1.201261 
129.500000 97.931614 0.862808 1.205578 
130.000000 97.927812 0.862296 1.209892 
130.500000 97.924012 0.861785 1.214204 
131.000000 97.920214 0.861273 1.218513 
131.500000 97.916419 0.860762 1.222819 
132.000000 97.912626 0.860251 1.227123 
132.500000 97.908836 0.859740 1.231424 
133.000000 97.905048 0.859229 1.235723 
133.500000 97.901263 0.858719 1.240019 
134.000000 97.897480 0.858208 1.244312 
134.500000 97.893699 0.857698 1.248603 
135.000000 97.889920 0.857188 1.252892 
135.500000 97.886145 0.856678 1.257178 
136.000000 97.882371 0.856168 1.261461 
136.500000 97.878600 0.855658 1.265742 
137.000000 97.874831 0.855149 1.270020 
137.500000 97.871065 0.854639 1.274296 
138.000000 97.867301 0.854130 1.278569 
138.500000 97.863539 0.853621 1.282840 
139.000000 97.859780 0.853112 1.287108 
139.500000 97.856023 0.852603 1.291374 
140.000000 97.852268 0.852095 1.295637 
140.500000 97.848516 0.851586 1.299897 
141.000000 97.844767 0.851078 1.304155 
141.500000 97.841019 0.850570 1.308410 
142.000000 97.837274 0.850062 1.312663 
142.500000 97.833532 0.849554 1.316914 
143.000000 97.829792 0.849047 1.321161 
143.500000 97.826054 0.848539 1.325407 
144.000000 97.822319 0.848032 1.329649 
144.500000 97.818586 0.847525 1.333889 
145.000000 97.814855 0.847018 1.338127 
145.500000 97.811127 0.846511 1.342362 
146.000000 97.807401 0.846005 1.346595 
146.500000 97.803677 0.845498 1.350825 
147.000000 97.799956 0.844992 1.355052 
147.500000 97.796237 0.844486 1.359277 
148.000000 97.792521 0.843980 1.363500 
148.500000 97.788807 0.843474 1.367720 
149.000000 97.785095 0.842968 1.371937 
149.500000 97.781386 0.842463 1.376152 
150.000000 97.777679 0.841957 1.380364 
150.500000 97.773974 0.841452 1.384574 
151.000000 97.770272 0.840947 1.388781 
151.500000 97.766572 0.840442 1.392986 
152.000000 97.762874 0.839938 1.397188 
152.500000 97.759179 0.839433 1.401388 
153.000000 97.755486 0.838929 1.405585 
153.500000 97.751796 0.838425 1.409780 
154.000000 97.748108 0.837920 1.413972 
154.500000 97.744422 0.837417 1.418161 
155.000000 97.740739 0.836913 1.422348 
155.500000 97.737058 0.836409 1.426533 
156.000000 97.733379 0.835906 1.430715 
156.500000 97.729703 0.835403 1.434895 
157.000000 97.726029 0.834900 1.439072 
157.500000 97.722357 0.834397 1.443246 
158.000000 97.718688 0.833894 1.447418 
158.500000 97.715021 0.833392 1.451587 
159.000000 97.711356 0.832889 1.455754 
159.500000 97.707694 0.832387 1.459919 
160.000000 97.704034 0.831885 1.464081 
160.500000 97.700377 0.831383 1.468240 
161.000000 97.696722 0.830881 1.472397 
161.500000 97.693069 0.830380 1.476552 
162.000000 97.689418 0.829878 1.480703 
162.500000 97.685770 0.829377 1.484853 
163.000000 97.682124 0.828876 1.489000 
163.500000 97.678481 0.828375 1.493144 
164.000000 97.674840 0.827874 1.497286 
164.500000 97.671201 0.827374 1.501425 
165.000000 97.667564 0.826873 1.505562 
165.500000 97.663930 0.826373 1.509697 
166.000000 97.660298 0.825873 1.513828 
166.500000 97.656669 0.825373 1.517958 
167.000000 97.653042 0.824874 1.522085 
167.500000 97.649417 0.824374 1.526209 
168.000000 97.645794 0.823875 1.530331 
168.500000 97.642174 0.823375 1.534450 
169.000000 97.638556 0.822876 1.538567 
169.500000 97.634941 0.822377 1.542682 
170.000000 97.631328 0.821879 1.546793 
170.500000 97.627717 0.821380 1.550903 
171.000000 97.624108 0.820882 1.555010 
171.500000 97.620502 0.820384 1.559114 
172.000000 97.616898 0.819886 1.563216 
172.500000 97.613297 0.819388 1.567316 
173.000000 97.609698 0.818890 1.571412 
173.500000 97.606101 0.818393 1.575507 
174.000000 97.602506 0.817895 1.579599 
174.500000 97.598914 0.817398 1.583688 
175.000000 97.595324 0.816901 1.587775 
175.500000 97.591736 0.816404 1.591860 
176.000000 97.588151 0.815907 1.595942 
176.500000 97.584568 0.815411 1.600021 
177.000000 97.580987 0.814915 1.604098 
177.500000 97.577409 0.814418 1.608173 
178.000000 97.573832 0.813922 1.612245 
178.500000 97.570259 0.813427 1.616315 
179.000000 97.566687 0.812931 1.620382 
179.500000 97.563118 0.812435 1.624447 
180.000000 97.559551 0.811940 1.628509 
180.500000 97.555987 0.811445 1.632568 
181.000000 97.552424 0.810950 1.636626 
181.500000 97.548864 0.810455 1.640680 
182.000000 97.545307 0.809961 1.644733 
182.500000 97.541751 0.809466 1.648782 
183.000000 97.538198 0.808972 1.652830 
183.500000 97.534648 0.808478 1.656875 
184.000000 97.531099 0.807984 1.660917 
184.500000 97.527553 0.807490 1.664957 
185.000000 97.524009 0.806997 1.668994 
185.500000 97.520468 0.806503 1.673029 
186.000000 97.516928 0.806010 1.677062 
186.500000 97.513391 0.805517 1.681092 
187.000000 97.509857 0.805024 1.685120 
187.500000 97.506324 0.804531 1.689145 
188.000000 97.502794 0.804039 1.693167 
188.500000 97.499266 0.803546 1.697187 
189.000000 97.495741 0.803054 1.701205 
189.500000 97.492217 0.802562 1.705220 
190.000000 97.488696 0.802070 1.709233 
190.500000 97.485178 0.801579 1.713244 
191.000000 97.481661 0.801087 1.717252 
191.500000 97.478147 0.800596 1.721257 
192.000000 97.474635 0.800105 1.725260 
192.500000 97.471126 0.799614 1.729260 
193.000000 97.467619 0.799123 1.733259 
193.500000 97.464114 0.798632 1.737254 
194.000000 97.460611 0.798142 1.741247 
194.500000 97.457111 0.797651 1.745238 
195.000000 97.453612 0.797161 1.749226 
195.500000 97.450117 0.796671 1.753212 
196.000000 97.446623 0.796182 1.757195 
196.500000 97.443132 0.795692 1.761176 
197.000000 97.439643 0.795203 1.765155 
197.500000 97.436156 0.794713 1.769131 
198.000000 97.432671 0.794224 1.773104 
198.500000 97.429189 0.793736 1.777076 
199.000000 97.425709 0.793247 1.781044 
199.500000 97.422231 0.792758 1.785010 
200.000000 97.418756 0.792270 1.788974 
200.500000 97.415283 0.791782 1.792936 
201.000000 97.411812 0.791294 1.796894 
201.500000 97.408343 0.790806 1.800851 
202.000000 97.404877 0.790318 1.804805 
202.500000 97.401412 0.789831 1.808757 
203.000000 97.397951 0.789344 1.812706 
203.500000 97.394491 0.788857 1.816652 
204.000000 97.391034 0.788370 1.820597 
204.500000 97.387578 0.787883 1.824539 
205.000000 97.384126 0.787396 1.828478 
205.500000 97.380675 0.786910 1.832415 
206.000000 97.377227 0.786424 1.836350 
206.500000 97.373781 0.785938 1.840282 
207.000000 97.370337 0.785452 1.844211 
207.500000 97.366895 0.784966 1.848139 
208.000000 97.363456 0.784481 1.852063 
208.500000 97.360019 0.783995 1.855986 
209.000000 97.356584 0.783510 1.859906 
209.500000 97.353151 0.783025 1.863823 
210.000000 97.349721 0.782541 1.867738 
210.500000 97.346293 0.782056 1.871651 
211.000000 97.342867 0.781572 1.875561 
211.500000 97.339443 0.781087 1.879469 
212.000000 97.336022 0.780603 1.883375 
212.500000 97.332603 0.780119 1.887278 
213.000000 97.329186 0.779636 1.891178 
213.500000 97.325771 0.779152 1.895077 
214.000000 97.322359 0.778669 1.898972 
214.500000 97.318949 0.778186 1.902866 
215.000000 97.315541 0.777703 1.906757 
215.500000 97.312135 0.777220 1.910645 
216.000000 97.308732 0.776737 1.914531 
216.500000 97.305330 0.776255 1.918415 
217.000000 97.301931 0.775773 1.922296 
217.500000 97.298535 0.775290 1.926175 
218.000000 97.295140 0.774809 1.930051 
218.500000 97.291748 0.774327 1.933926 
219.000000 97.288358 0.773845 1.937797 
219.500000 97.284970 0.773364 1.941666 
220.000000 97.281584 0.772883 1.945533 
220.500000 97.278201 0.772402 1.949398 
221.000000 97.274819 0.771921 1.953260 
221.500000 97.271440 0.771440 1.957119 
222.000000 97.268064 0.770960 1.960976 
222.500000 97.264689 0.770480 1.964831 
223.000000 97.261317 0.770000 1.968684 
223.500000 97.257947 0.769520 1.972534 
224.000000 97.254579 0.769040 1.976381 
224.500000 97.251213 0.768560 1.980226 
225.000000 97.247850 0.768081 1.984069 
225.500000 97.244488 0.767602 1.987910 
226.000000 97.241129 0.767123 1.991748 
226.500000 97.237773 0.766644 1.995583 
227.000000 97.234418 0.766166 1.999416 
227.500000 97.231066 0.765687 2.003247 
228.000000 97.227715 0.765209 2.007076 
228.500000 97.224367 0.764731 2.010902 
229.000000 97.221022 0.764253 2.014725 
229.500000 97.217678 0.763775 2.018547 
230.000000 97.214337 0.763298 2.022366 
230.500000 97.210998 0.762820 2.026182 
231.000000 97.207661 0.762343 2.029996 
231.500000 97.204326 0.761866 2.033808 
232.000000 97.200993 0.761389 2.037617 
232.500000 97.197663 0.760913 2.041424 
233.000000 97.194335 0.760436 2.045229 
233.500000 97.191009 0.759960 2.049031 
234.000000 97.187685 0.759484 2.052831 
234.500000 97.184364 0.759008 2.056628 
235.000000 97.181044 0.758533 2.060423 
235.500000 97.177727 0.758057 2.064216 
236.000000 97.174412 0.757582 2.068006 
236.500000 97.171099 0.757107 2.071794 
237.000000 97.167789 0.756632 2.075580 
237.500000 97.164480 0.756157 2.079363 
238.000000 97.161174 0.755683 2.083144 
238.500000 97.157870 0.755208 2.086922 
239.000000 97.154568 0.754734 2.090698 
239.500000 97.151268 0.754260 2.094472 
240.000000 97.147971 0.753786 2.098243 
240.500000 97.144676 0.753312 2.102012 
241.000000 97.141383 0.752839 2.105778 
241.500000 97.138092 0.752366 2.109543 
242.000000 97.134803 0.751893 2.113304 
242.500000 97.131516 0.751420 2.117064 
243.000000 97.128232 0.750947 2.120821 
243.500000 97.124950 0.750475 2.124576 
244.000000 97.121670 0.750002 2.128328 
244.500000 97.118392 0.749530 2.132078 
245.000000 97.115116 0.749058 2.135826 
245.500000 97.111843 0.748586 2.139571 
246.000000 97.108571 0.748115 2.143314 
246.500000 97.105302 0.747643 2.147055 
247.000000 97.102035 0.747172 2.150793 
247.500000 97.098770 0.746701 2.154529 
248.000000 97.095508 0.746230 2.158262 
248.500000 97.092247 0.745760 2.161993 
249.000000 97.088989 0.745289 2.165722 
249.500000 97.085732 0.744819 2.169449 
250.000000 97.082478 0.744349 2.173173 
250.500000 97.079227 0.743879 2.176894 
251.000000 97.075977 0.743409 2.180614 
251.500000 97.072729 0.742940 2.184331 
252.000000 97.069484 0.742470 2.188046 
252.500000 97.066241 0.742001 2.191758 
253.000000 97.063000 0.741532 2.195468 
253.500000 97.059761 0.741064 2.199176 
254.000000 97.056524 0.740595 2.202881 
254.500000 97.053290 0.740127 2.206584 
255.000000 97.050057 0.739658 2.210284 
255.500000 97.046827 0.739190 2.213983 
256.000000 97.043599 0.738722 2.217679 
256.500000 97.040373 0.738255 2.221372 
257.000000 97.037149 0.737787 2.225064 
257.500000 97.033927 0.737320 2.228753 
258.000000 97.030708 0.736853 2.232439 
258.500000 97.027490 0.736386 2.236123 
259.000000 97.024275 0.735919 2.239805 
259.500000 97.021062 0.735453 2.243485 
260.000000 97.017851 0.734987 2.247162 
260.500000 97.014642 0.734521 2.250837 
261.000000 97.011436 0.734055 2.254510 
261.500000 97.008231 0.733589 2.258180 
262.000000 97.005029 0.733123 2.261848 
262.500000 97.001828 0.732658 2.265514 
263.000000 96.998630 0.732193 2.269177 
263.500000 96.995434 0.731728 2.272838 
264.000000 96.992241 0.731263 2.276496 
264.500000 96.989049 0.730798 2.280153 
265.000000 96.985859 0.730334 2.283807 
265.500000 96.982672 0.729870 2.287458 
266.000000 96.979487 0.729406 2.291108 
266.500000 96.976303 0.728942 2.294755 
267.000000 96.973122 0.728478 2.298400 
267.500000 96.969943 0.728015 2.302042 
268.000000 96.966767 0.727551 2.305682 
268.500000 96.963592 0.727088 2.309320 
269.000000 96.960419 0.726625 2.312955 
269.500000 96.957249 0.726163 2.316588 
270.000000 96.954081 0.725700 2.320219 
270.500000 96.950914 0.725238 2.323848 
271.000000 96.947750 0.724776 2.327474 
271.500000 96.944588 0.724314 2.331098 
272.000000 96.941429 0.723852 2.334719 
272.500000 96.938271 0.723391 2.338339 
273.000000 96.935115 0.722929 2.341955 
273.500000 96.931962 0.722468 2.345570 
274.000000 96.928810 0.722007 2.349182 
274.500000 96.925661 0.721546 2.352793 
275.000000 96.922514 0.721086 2.356400 
275.500000 96.919369 0.720625 2.360006 
276.000000 96.916226 0.720165 2.363609 
276.500000 96.913085 0.719705 2.367210 
277.000000 96.909947 0.719245 2.370808 
277.500000 96.906810 0.718786 2.374404 
278.000000 96.903676 0.718326 2.377998 
278.500000 96.900543 0.717867 2.381590 
279.000000 96.897413 0.717408 2.385179 
279.500000 96.894285 0.716949 2.388766 
280.000000 96.891159 0.716490 2.392351 
280.500000 96.888035 0.716032 2.395934 
281.000000 96.884913 0.715574 2.399514 
281.500000 96.881793 0.715115 2.403092 
282.000000 96.878675 0.714658 2.406667 
282.500000 96.875560 0.714200 2.410240 
283.000000 96.872446 0.713742 2.413811 
283.500000 96.869335 0.713285 2.417380 
284.000000 96.866226 0.712828 2.420947 
284.500000 96.863118 0.712371 2.424511 
285.000000 96.860013 0.711914 2.428073 
285.500000 96.856910 0.711458 2.431632 
286.000000 96.853809 0.711001 2.435189 
286.500000 96.850711 0.710545 2.438744 
287.000000 96.847614 0.710089 2.442297 
287.500000 96.844519 0.709633 2.445848 
288.000000 96.841427 0.709178 2.449396 
288.500000 96.838336 0.708722 2.452942 
289.000000 96.835248 0.708267 2.456485 
289.500000 96.832161 0.707812 2.460027 
290.000000 96.829077 0.707357 2.463566 
290.500000 96.825995 0.706903 2.467102 
291.000000 96.822915 0.706448 2.470637 
291.500000 96.819837 0.705994 2.474169 
292.000000 96.816761 0.705540 2.477699 
292.500000 96.813687 0.705086 2.481227 
293.000000 96.810615 0.704633 2.484752 
293.500000 96.807545 0.704179 2.488275 
294.000000 96.804478 0.703726 2.491796 
294.500000 96.801412 0.703273 2.495315 
295.000000 96.798349 0.702820 2.498831 
295.500000 96.795287 0.702367 2.502345 
296.000000 96.792228 0.701915 2.505857 
296.500000 96.789171 0.701463 2.509367 
297.000000 96.786115 0.701010 2.512874 
297.500000 96.783062 0.700559 2.516379 
298.000000 96.780011 0.700107 2.519882 
298.500000 96.776962 0.699655 2.523383 
299.000000 96.773915 0.699204 2.526881 
299.500000 96.770870 0.698753 2.530377 
300.000000 96.767827 0.698302 2.533871 
300.500000 96.764787 0.697851 2.537362 
301.000000 96.761748 0.697401 2.540851 
301.500000 96.758711 0.696951 2.544338 
302.000000 96.755677 0.696500 2.547823 
302.500000 96.752644 0.696050 2.551306 
303.000000 96.749613 0.695601 2.554786 
303.500000 96.746585 0.695151 2.558264 
304.000000 96.743559 0.694702 2.561740 
304.500000 96.740534 0.694253 2.565213 
305.000000 96.737512 0.693804 2.568684 
305.500000 96.734492 0.693355 2.572153 
306.000000 96.731473 0.692906 2.575620 
306.500000 96.728457 0.692458 2.579085 
307.000000 96.725443 0.692010 2.582547 
307.500000 96.722431 0.691562 2.586007 
308.000000 96.719421 0.691114 2.589465 
308.500000 96.716413 0.690666 2.592920 
309.000000 96.713407 0.690219 2.596374 
309.500000 96.710403 0.689772 2.599825 
310.000000 96.707401 0.689325 2.603274 
310.500000 96.704402 0.688878 2.606720 
311.000000 96.701404 0.688432 2.610165 
311.500000 96.698408 0.687985 2.613607 
312.000000 96.695414 0.687539 2.617047 
312.500000 96.692423 0.687093 2.620485 
313.000000 96.689433 0.686647 2.623920 
313.500000 96.686445 0.686201 2.627353 
314.000000 96.683460 0.685756 2.630784 
314.500000 96.680476 0.685311 2.634213 
315.000000 96.677495 0.684866 2.637640 
315.500000 96.674515 0.684421 2.641064 
316.000000 96.671538 0.683976 2.644486 
316.500000 96.668562 0.683532 2.647906 
317.000000 96.665589 0.683088 2.651324 
317.500000 96.662617 0.682644 2.654739 
318.000000 96.659648 0.682200 2.658152 
318.500000 96.656681 0.681756 2.661563 
319.000000 96.653715 0.681313 2.664972 
319.500000 96.650752 0.680869 2.668379 
320.000000 96.647791 0.680426 2.671783 
320.500000 96.644831 0.679984 2.675185 
321.000000 96.641874 0.679541 2.678585 
321.500000 96.638919 0.679098 2.681983 
322.000000 96.635966 0.678656 2.685378 
322.500000 96.633014 0.678214 2.688771 
323.000000 96.630065 0.677772 2.692162 
323.500000 96.627118 0.677331 2.695551 
324.000000 96.624173 0.676889 2.698938 
324.500000 96.621230 0.676448 2.702322 
325.000000 96.618289 0.676007 2.705705 
325.500000 96.615349 0.675566 2.709085 
326.000000 96.612412 0.675125 2.712463 
326.500000 96.609477 0.674685 2.715838 
327.000000 96.606544 0.674244 2.719212 
327.500000 96.603613 0.673804 2.722583 
328.000000 96.600684 0.673364 2.725952 
328.500000 96.597757 0.672925 2.729319 
329.000000 96.594831 0.672485 2.732683 
329.500000 96.591908 0.672046 2.736046 
330.000000 96.588987 0.671607 2.739406 
330.500000 96.586068 0.671168 2.742764 
331.000000 96.583151 0.670729 2.746120 
331.500000 96.580236 0.670291 2.749473 
332.000000 96.577323 0.669853 2.752825 
332.500000 96.574411 0.669414 2.756174 
333.000000 96.571502 0.668977 2.759521 
333.500000 96.568595 0.668539 2.762866 
334.000000 96.565690 0.668101 2.766209 
334.500000 96.562787 0.667664 2.769549 
335.000000 96.559885 0.667227 2.772888 
335.500000 96.556986 0.666790 2.776224 
336.000000 96.554089 0.666353 2.779558 
336.500000 96.551194 0.665917 2.782890 
337.000000 96.548300 0.665481 2.786219 
337.500000 96.545409 0.665044 2.789546 
338.000000 96.542520 0.664608 2.792872 
338.500000 96.539632 0.664173 2.796195 
339.000000 96.536747 0.663737 2.799516 
339.500000 96.533864 0.663302 2.802834 
340.000000 96.530982 0.662867 2.806151 
340.500000 96.528103 0.662432 2.809465 
341.000000 96.525225 0.661997 2.812777 
341.500000 96.522350 0.661563 2.816087 
342.000000 96.519476 0.661128 2.819395 
342.500000 96.516605 0.660694 2.822701 
343.000000 96.513735 0.660260 2.826004 
343.500000 96.510868 0.659827 2.829306 
344.000000 96.508002 0.659393 2.832605 
344.500000 96.505139 0.658960 2.835902 
345.000000 96.502277 0.658527 2.839196 
345.500000 96.499417 0.658094 2.842489 
346.000000 96.496559 0.657661 2.845780 
346.500000 96.493704 0.657229 2.849068 
347.000000 96.490850 0.656796 2.852354 
347.500000 96.487998 0.656364 2.855638 
348.000000 96.485148 0.655932 2.858920 
348.500000 96.482300 0.655501 2.862199 
349.000000 96.479454 0.655069 2.865477 
349.500000 96.476610 0.654638 2.868752 
350.000000 96.473768 0.654207 2.872025 
350.500000 96.470928 0.653776 2.875297 
351.000000 96.468090 0.653345 2.878565 
351.500000 96.465253 0.652914 2.881832 
352.000000 96.462419 0.652484 2.885097 
352.500000 96.459587 0.652054 2.888359 
353.000000 96.456757 0.651624 2.891619 
353.500000 96.453928 0.651194 2.894877 
354.000000 96.451102 0.650765 2.898133 
354.500000 96.448277 0.650336 2.901387 
355.000000 96.445455 0.649906 2.904639 
355.500000 96.442634 0.649478 2.907888 
356.000000 96.439815 0.649049 2.911136 
356.500000 96.436999 0.648620 2.914381 
357.000000 96.434184 0.648192 2.917624 
357.500000 96.431371 0.647764 2.920865 
358.000000 96.428560 0.647336 2.924104 
358.500000 96.425751 0.646908 2.927341 
359.000000 96.422944 0.646481 2.930575 
359.500000 96.420139 0.646054 2.933808 
360.000000 96.417336 0.645626 2.937038 
360.500000 96.414534 0.645200 2.940266 
361.000000 96.411735 0.644773 2.943492 
361.500000 96.408938 0.644346 2.946716 
362.000000 96.406142 0.643920 2.949938 
362.500000 96.403349 0.643494 2.953157 
363.000000 96.400557 0.643068 2.956375 
363.500000 96.397768 0.642642 2.959590 
364.000000 96.394980 0.642217 2.962803 
364.500000 96.392194 0.641792 2.966014 
365.000000 96.389410 0.641366 2.969223 
